1 1 cn206 00000 0 0.00000E+00
2 1 cn206 00000 1 0.33886E+01
3 1 cn206 00000 2 0.11206E-03
4 1 cn206 00000 3 0.12803E-03
5 1 cn206 00000 4 0.72505E+01
6 1 cn206 00000 5 0.20844E+01
7 1 cn206 00000 6 0.30810E-01
8 1 cn206 00000 7 0.11611E-01
9 1 cn206 00000 8 0.37694E-03
10 1 cn206 00000 9 0.23389E-03
11 1 cn206 00000 10 0.10402E+02
12 1 cn206 00000 11 0.21100E-03
13 1 cn206 00000 12 0.17786E-03
14 1 cn206 00000 13 0.18096E-03
15 1 cn206 00000 14 0.20409E-03
16 1 cn206 00000 15 0.21100E-03
17 1 cn206 00000 16 0.19288E-03
18 1 cn206 00000 17 0.17691E-03
19 1 cn206 00000 18 0.17405E-03
20 1 cn206 00000 19 0.16904E-03
21 1 cn206 00000 20 0.15807E-03
22 1 cn206 00000 21 0.19217E-03
23 1 cn206 00000 22 0.20409E-03
24 1 cn206 00000 23 0.17595E-03
25 1 cn206 00000 24 0.18907E-03
26 1 cn206 00000 25 0.17095E-03
27 1 cn206 00000 26 0.28339E+01
28 1 cn206 00000 27 0.21601E-03
29 1 cn206 00000 28 0.24700E-03
30 1 cn206 00000 29 0.18692E-03
31 1 cn206 00000 30 0.17595E-03
32 1 cn206 00000 31 0.20099E-03
33 1 cn206 00000 32 0.22507E-03
34 1 cn206 00000 33 0.17810E-03
35 1 cn206 00000 34 0.18907E-03
36 1 cn206 00000 35 0.20099E-03
37 1 cn206 00000 36 0.22006E-03
38 1 cn206 00000 37 0.24796E-03
39 1 cn206 00000 38 0.37909E-03
40 1 cn206 00000 39 0.31495E-03
41 1 cn206 00001 0 0.10586E-03
42 1 cn206 00001 1 0.00000E+00
43 1 cn206 00001 2 0.13900E-03
44 1 cn206 00001 3 0.10014E-03
45 1 cn206 00001 4 0.10610E-03
46 1 cn206 00001 5 0.97036E-04
47 1 cn206 00001 6 0.10300E-03
48 1 cn206 00001 7 0.10395E-03
49 1 cn206 00001 8 0.35810E-03
50 1 cn206 00001 9 0.14901E-03
51 1 cn206 00001 10 0.13494E-03
52 1 cn206 00001 11 0.17285E-03
53 1 cn206 00001 12 0.16189E-03
54 1 cn206 00001 13 0.16308E-03
55 1 cn206 00001 14 0.21005E-03
56 1 cn206 00001 15 0.17405E-03
57 1 cn206 00001 16 0.96083E-04
58 1 cn206 00001 17 0.13494E-03
59 1 cn206 00001 18 0.14210E-03
60 1 cn206 00001 19 0.14687E-03
61 1 cn206 00001 20 0.16403E-03
62 1 cn206 00001 21 0.15306E-03
63 1 cn206 00001 22 0.16594E-03
64 1 cn206 00001 23 0.17118E-03
65 1 cn206 00001 24 0.15593E-03
66 1 cn206 00001 25 0.14591E-03
67 1 cn206 00001 26 0.18001E-03
68 1 cn206 00001 27 0.14091E-03
69 1 cn206 00001 28 0.16713E-03
70 1 cn206 00001 29 0.15903E-03
71 1 cn206 00001 30 0.14400E-03
72 1 cn206 00001 31 0.15116E-03
73 1 cn206 00001 32 0.14091E-03
74 1 cn206 00001 33 0.13995E-03
75 1 cn206 00001 34 0.15998E-03
76 1 cn206 00001 35 0.21386E-03
77 1 cn206 00001 36 0.18287E-03
78 1 cn206 00001 37 0.12708E-03
79 1 cn206 00001 38 0.14305E-03
80 1 cn206 00001 39 0.14591E-03
81 1 cn206 00002 0 0.85115E-04
82 1 cn206 00002 1 0.21219E-04
83 1 cn206 00002 2 0.00000E+00
84 1 cn206 00002 3 0.10109E-03
85 1 cn206 00002 4 0.91076E-04
86 1 cn206 00002 5 0.89884E-04
87 1 cn206 00002 6 0.87023E-04
88 1 cn206 00002 7 0.90837E-04
89 1 cn206 00002 8 0.26798E-03
90 1 cn206 00002 9 0.16284E-03
91 1 cn206 00002 10 0.10610E-03
92 1 cn206 00002 11 0.19312E-03
93 1 cn206 00002 12 0.15402E-03
94 1 cn206 00002 13 0.12493E-03
95 1 cn206 00002 14 0.19407E-03
96 1 cn206 00002 15 0.14496E-03
97 1 cn206 00002 16 0.19598E-03
98 1 cn206 00002 17 0.19908E-03
99 1 cn206 00002 18 0.13900E-03
100 1 cn206 00002 19 0.17285E-03
101 1 cn206 00002 20 0.12302E-03
102 1 cn206 00002 21 0.15402E-03
103 1 cn206 00002 22 0.15712E-03
104 1 cn206 00002 23 0.14019E-03
105 1 cn206 00002 24 0.17691E-03
106 1 cn206 00002 25 0.17309E-03
107 1 cn206 00002 26 0.13995E-03
108 1 cn206 00002 27 0.17715E-03
109 1 cn206 00002 28 0.15116E-03
110 1 cn206 00002 29 0.18787E-03
111 1 cn206 00002 30 0.18692E-03
112 1 cn206 00002 31 0.14496E-03
113 1 cn206 00002 32 0.12398E-03
114 1 cn206 00002 33 0.16689E-03
115 1 cn206 00002 34 0.13804E-03
116 1 cn206 00002 35 0.16904E-03
117 1 cn206 00002 36 0.16785E-03
118 1 cn206 00002 37 0.16785E-03
119 1 cn206 00002 38 0.90837E-04
120 1 cn206 00002 39 0.12994E-03
121 1 cn206 00003 0 0.62943E-04
122 1 cn206 00003 1 0.18120E-04
123 1 cn206 00003 2 0.15020E-04
124 1 cn206 00003 3 0.00000E+00
125 1 cn206 00003 4 0.94175E-04
126 1 cn206 00003 5 0.87976E-04
127 1 cn206 00003 6 0.91076E-04
128 1 cn206 00003 7 0.91076E-04
129 1 cn206 00003 8 0.26393E-03
130 1 cn206 00003 9 0.16189E-03
131 1 cn206 00003 10 0.13494E-03
132 1 cn206 00003 11 0.93937E-04
133 1 cn206 00003 12 0.11897E-03
134 1 cn206 00003 13 0.11802E-03
135 1 cn206 00003 14 0.14901E-03
136 1 cn206 00003 15 0.15020E-03
137 1 cn206 00003 16 0.13494E-03
138 1 cn206 00003 17 0.12398E-03
139 1 cn206 00003 18 0.11683E-03
140 1 cn206 00003 19 0.87976E-04
141 1 cn206 00003 20 0.15497E-03
142 1 cn206 00003 21 0.13709E-03
143 1 cn206 00003 22 0.16403E-03
144 1 cn206 00003 23 0.13185E-03
145 1 cn206 00003 24 0.13494E-03
146 1 cn206 00003 25 0.99897E-04
147 1 cn206 00003 26 0.12398E-03
148 1 cn206 00003 27 0.10014E-03
149 1 cn206 00003 28 0.14019E-03
150 1 cn206 00003 29 0.14710E-03
151 1 cn206 00003 30 0.11611E-03
152 1 cn206 00003 31 0.14591E-03
153 1 cn206 00003 32 0.13185E-03
154 1 cn206 00003 33 0.12898E-03
155 1 cn206 00003 34 0.13614E-03
156 1 cn206 00003 35 0.12803E-03
157 1 cn206 00003 36 0.12994E-03
158 1 cn206 00003 37 0.12398E-03
159 1 cn206 00003 38 0.12112E-03
160 1 cn206 00003 39 0.94891E-04
161 1 cn206 00004 0 0.81062E-04
162 1 cn206 00004 1 0.20027E-04
163 1 cn206 00004 2 0.18120E-04
164 1 cn206 00004 3 0.17881E-04
165 1 cn206 00004 4 0.00000E+00
166 1 cn206 00004 5 0.10085E-03
167 1 cn206 00004 6 0.88930E-04
168 1 cn206 00004 7 0.87023E-04
169 1 cn206 00004 8 0.20289E-03
170 1 cn206 00004 9 0.15187E-03
171 1 cn206 00004 10 0.12207E-03
172 1 cn206 00004 11 0.13709E-03
173 1 cn206 00004 12 0.12183E-03
174 1 cn206 00004 13 0.12302E-03
175 1 cn206 00004 14 0.13089E-03
176 1 cn206 00004 15 0.14305E-03
177 1 cn206 00004 16 0.15211E-03
178 1 cn206 00004 17 0.14997E-03
179 1 cn206 00004 18 0.12183E-03
180 1 cn206 00004 19 0.13304E-03
181 1 cn206 00004 20 0.82016E-04
182 1 cn206 00004 21 0.15593E-03
183 1 cn206 00004 22 0.14782E-03
184 1 cn206 00004 23 0.14091E-03
185 1 cn206 00004 24 0.11587E-03
186 1 cn206 00004 25 0.12112E-03
187 1 cn206 00004 26 0.12398E-03
188 1 cn206 00004 27 0.12398E-03
189 1 cn206 00004 28 0.11897E-03
190 1 cn206 00004 29 0.13804E-03
191 1 cn206 00004 30 0.12088E-03
192 1 cn206 00004 31 0.13494E-03
193 1 cn206 00004 32 0.11897E-03
194 1 cn206 00004 33 0.11992E-03
195 1 cn206 00004 34 0.12088E-03
196 1 cn206 00004 35 0.12183E-03
197 1 cn206 00004 36 0.93937E-04
198 1 cn206 00004 37 0.12398E-03
199 1 cn206 00004 38 0.12088E-03
200 1 cn206 00004 39 0.12398E-03
201 1 cn206 00005 0 0.66042E-04
202 1 cn206 00005 1 0.16928E-04
203 1 cn206 00005 2 0.15020E-04
204 1 cn206 00005 3 0.15974E-04
205 1 cn206 00005 4 0.20027E-04
206 1 cn206 00005 5 0.00000E+00
207 1 cn206 00005 6 0.97036E-04
208 1 cn206 00005 7 0.92030E-04
209 1 cn206 00005 8 0.23484E-03
210 1 cn206 00005 9 0.13208E-03
211 1 cn206 00005 10 0.11706E-03
212 1 cn206 00005 11 0.12398E-03
213 1 cn206 00005 12 0.13995E-03
214 1 cn206 00005 13 0.87976E-04
215 1 cn206 00005 14 0.13304E-03
216 1 cn206 00005 15 0.13304E-03
217 1 cn206 00005 16 0.13709E-03
218 1 cn206 00005 17 0.15306E-03
219 1 cn206 00005 18 0.90837E-04
220 1 cn206 00005 19 0.14019E-03
221 1 cn206 00005 20 0.12302E-03
222 1 cn206 00005 21 0.10300E-03
223 1 cn206 00005 22 0.14496E-03
224 1 cn206 00005 23 0.13900E-03
225 1 cn206 00005 24 0.11683E-03
226 1 cn206 00005 25 0.11683E-03
227 1 cn206 00005 26 0.98944E-04
228 1 cn206 00005 27 0.12994E-03
229 1 cn206 00005 28 0.13208E-03
230 1 cn206 00005 29 0.11611E-03
231 1 cn206 00005 30 0.13399E-03
232 1 cn206 00005 31 0.13995E-03
233 1 cn206 00005 32 0.12088E-03
234 1 cn206 00005 33 0.11706E-03
235 1 cn206 00005 34 0.12207E-03
236 1 cn206 00005 35 0.12207E-03
237 1 cn206 00005 36 0.12517E-03
238 1 cn206 00005 37 0.87976E-04
239 1 cn206 00005 38 0.12112E-03
240 1 cn206 00005 39 0.11802E-03
241 1 cn206 00006 0 0.63896E-04
242 1 cn206 00006 1 0.18120E-04
243 1 cn206 00006 2 0.15974E-04
244 1 cn206 00006 3 0.14782E-04
245 1 cn206 00006 4 0.16928E-04
246 1 cn206 00006 5 0.15020E-04
247 1 cn206 00006 6 0.00000E+00
248 1 cn206 00006 7 0.98944E-04
249 1 cn206 00006 8 0.18692E-03
250 1 cn206 00006 9 0.15903E-03
251 1 cn206 00006 10 0.88215E-04
252 1 cn206 00006 11 0.12708E-03
253 1 cn206 00006 12 0.12398E-03
254 1 cn206 00006 13 0.13304E-03
255 1 cn206 00006 14 0.94891E-04
256 1 cn206 00006 15 0.13208E-03
257 1 cn206 00006 16 0.14114E-03
258 1 cn206 00006 17 0.13995E-03
259 1 cn206 00006 18 0.11492E-03
260 1 cn206 00006 19 0.13304E-03
261 1 cn206 00006 20 0.11802E-03
262 1 cn206 00006 21 0.14091E-03
263 1 cn206 00006 22 0.85831E-04
264 1 cn206 00006 23 0.13089E-03
265 1 cn206 00006 24 0.13185E-03
266 1 cn206 00006 25 0.14091E-03
267 1 cn206 00006 26 0.11587E-03
268 1 cn206 00006 27 0.12994E-03
269 1 cn206 00006 28 0.14305E-03
270 1 cn206 00006 29 0.13709E-03
271 1 cn206 00006 30 0.94175E-04
272 1 cn206 00006 31 0.14019E-03
273 1 cn206 00006 32 0.11611E-03
274 1 cn206 00006 33 0.12898E-03
275 1 cn206 00006 34 0.12898E-03
276 1 cn206 00006 35 0.12898E-03
277 1 cn206 00006 36 0.12207E-03
278 1 cn206 00006 37 0.12302E-03
279 1 cn206 00006 38 0.95844E-04
280 1 cn206 00006 39 0.11802E-03
281 1 cn206 00007 0 0.68903E-04
282 1 cn206 00007 1 0.20027E-04
283 1 cn206 00007 2 0.15020E-04
284 1 cn206 00007 3 0.15020E-04
285 1 cn206 00007 4 0.15974E-04
286 1 cn206 00007 5 0.15974E-04
287 1 cn206 00007 6 0.15020E-04
288 1 cn206 00007 7 0.00000E+00
289 1 cn206 00007 8 0.24104E-03
290 1 cn206 00007 9 0.13280E-03
291 1 cn206 00007 10 0.12517E-03
292 1 cn206 00007 11 0.93937E-04
293 1 cn206 00007 12 0.11897E-03
294 1 cn206 00007 13 0.12088E-03
295 1 cn206 00007 14 0.14400E-03
296 1 cn206 00007 15 0.89169E-04
297 1 cn206 00007 16 0.12398E-03
298 1 cn206 00007 17 0.13804E-03
299 1 cn206 00007 18 0.11277E-03
300 1 cn206 00007 19 0.87976E-04
301 1 cn206 00007 20 0.11992E-03
302 1 cn206 00007 21 0.11206E-03
303 1 cn206 00007 22 0.13304E-03
304 1 cn206 00007 23 0.93937E-04
305 1 cn206 00007 24 0.13113E-03
306 1 cn206 00007 25 0.12207E-03
307 1 cn206 00007 26 0.11897E-03
308 1 cn206 00007 27 0.87976E-04
309 1 cn206 00007 28 0.14520E-03
310 1 cn206 00007 29 0.13614E-03
311 1 cn206 00007 30 0.13208E-03
312 1 cn206 00007 31 0.89884E-04
313 1 cn206 00007 32 0.11683E-03
314 1 cn206 00007 33 0.12898E-03
315 1 cn206 00007 34 0.12589E-03
316 1 cn206 00007 35 0.12493E-03
317 1 cn206 00007 36 0.12398E-03
318 1 cn206 00007 37 0.11802E-03
319 1 cn206 00007 38 0.12207E-03
320 1 cn206 00007 39 0.93937E-04
321 2 cn204 00008 0 0.25201E-03
322 2 cn204 00008 1 0.12422E-03
323 2 cn204 00008 2 0.97990E-04
324 2 cn204 00008 3 0.14019E-03
325 2 cn204 00008 4 0.13304E-03
326 2 cn204 00008 5 0.14997E-03
327 2 cn204 00008 6 0.15688E-03
328 2 cn204 00008 7 0.12183E-03
329 2 cn204 00008 8 0.00000E+00
330 2 cn204 00008 9 0.13900E-03
331 2 cn204 00008 10 0.10204E-03
332 2 cn204 00008 11 0.96798E-04
333 2 cn204 00008 12 0.10109E-03
334 2 cn204 00008 13 0.97036E-04
335 2 cn204 00008 14 0.11396E-03
336 2 cn204 00008 15 0.10490E-03
337 2 cn204 00008 16 0.10586E-03
338 2 cn204 00008 17 0.12803E-03
339 2 cn204 00008 18 0.10490E-03
340 2 cn204 00008 19 0.10896E-03
341 2 cn204 00008 20 0.12398E-03
342 2 cn204 00008 21 0.12207E-03
343 2 cn204 00008 22 0.12708E-03
344 2 cn204 00008 23 0.12589E-03
345 2 cn204 00008 24 0.97990E-04
346 2 cn204 00008 25 0.13208E-03
347 2 cn204 00008 26 0.13185E-03
348 2 cn204 00008 27 0.12517E-03
349 2 cn204 00008 28 0.14496E-03
350 2 cn204 00008 29 0.15306E-03
351 2 cn204 00008 30 0.12088E-03
352 2 cn204 00008 31 0.12708E-03
353 2 cn204 00008 32 0.95129E-04
354 2 cn204 00008 33 0.12398E-03
355 2 cn204 00008 34 0.12493E-03
356 2 cn204 00008 35 0.12398E-03
357 2 cn204 00008 36 0.12708E-03
358 2 cn204 00008 37 0.12708E-03
359 2 cn204 00008 38 0.12302E-03
360 2 cn204 00008 39 0.13590E-03
361 2 cn204 00009 0 0.18811E-03
362 2 cn204 00009 1 0.92983E-04
363 2 cn204 00009 2 0.11992E-03
364 2 cn204 00009 3 0.10204E-03
365 2 cn204 00009 4 0.13304E-03
366 2 cn204 00009 5 0.17405E-03
367 2 cn204 00009 6 0.13781E-03
368 2 cn204 00009 7 0.19288E-03
369 2 cn204 00009 8 0.39101E-04
370 2 cn204 00009 9 0.00000E+00
371 2 cn204 00009 10 0.97990E-04
372 2 cn204 00009 11 0.88930E-04
373 2 cn204 00009 12 0.91076E-04
374 2 cn204 00009 13 0.88930E-04
375 2 cn204 00009 14 0.96083E-04
376 2 cn204 00009 15 0.92030E-04
377 2 cn204 00009 16 0.90837E-04
378 2 cn204 00009 17 0.89884E-04
379 2 cn204 00009 18 0.93937E-04
380 2 cn204 00009 19 0.92030E-04
381 2 cn204 00009 20 0.93937E-04
382 2 cn204 00009 21 0.11778E-03
383 2 cn204 00009 22 0.12589E-03
384 2 cn204 00009 23 0.13185E-03
385 2 cn204 00009 24 0.11516E-03
386 2 cn204 00009 25 0.95844E-04
387 2 cn204 00009 26 0.12779E-03
388 2 cn204 00009 27 0.13900E-03
389 2 cn204 00009 28 0.90837E-04
390 2 cn204 00009 29 0.12994E-03
391 2 cn204 00009 30 0.12803E-03
392 2 cn204 00009 31 0.11921E-03
393 2 cn204 00009 32 0.12708E-03
394 2 cn204 00009 33 0.87976E-04
395 2 cn204 00009 34 0.12398E-03
396 2 cn204 00009 35 0.12302E-03
397 2 cn204 00009 36 0.12803E-03
398 2 cn204 00009 37 0.12517E-03
399 2 cn204 00009 38 0.12898E-03
400 2 cn204 00009 39 0.12112E-03
401 2 cn204 00010 0 0.25082E-03
402 2 cn204 00010 1 0.95129E-04
403 2 cn204 00010 2 0.95129E-04
404 2 cn204 00010 3 0.92983E-04
405 2 cn204 00010 4 0.88930E-04
406 2 cn204 00010 5 0.99897E-04
407 2 cn204 00010 6 0.92030E-04
408 2 cn204 00010 7 0.95844E-04
409 2 cn204 00010 8 0.35048E-04
410 2 cn204 00010 9 0.17881E-04
411 2 cn204 00010 10 0.00000E+00
412 2 cn204 00010 11 0.10180E-03
413 2 cn204 00010 12 0.92030E-04
414 2 cn204 00010 13 0.93937E-04
415 2 cn204 00010 14 0.10204E-03
416 2 cn204 00010 15 0.93937E-04
417 2 cn204 00010 16 0.92983E-04
418 2 cn204 00010 17 0.93937E-04
419 2 cn204 00010 18 0.91076E-04
420 2 cn204 00010 19 0.90837E-04
421 2 cn204 00010 20 0.12708E-03
422 2 cn204 00010 21 0.12207E-03
423 2 cn204 00010 22 0.12016E-03
424 2 cn204 00010 23 0.12589E-03
425 2 cn204 00010 24 0.12994E-03
426 2 cn204 00010 25 0.12612E-03
427 2 cn204 00010 26 0.92030E-04
428 2 cn204 00010 27 0.13208E-03
429 2 cn204 00010 28 0.13614E-03
430 2 cn204 00010 29 0.12803E-03
431 2 cn204 00010 30 0.13089E-03
432 2 cn204 00010 31 0.11897E-03
433 2 cn204 00010 32 0.18001E-03
434 2 cn204 00010 33 0.11897E-03
435 2 cn204 00010 34 0.92983E-04
436 2 cn204 00010 35 0.26798E-03
437 2 cn204 00010 36 0.12493E-03
438 2 cn204 00010 37 0.12183E-03
439 2 cn204 00010 38 0.12302E-03
440 2 cn204 00010 39 0.12398E-03
441 2 cn204 00011 0 0.20909E-03
442 2 cn204 00011 1 0.97990E-04
443 2 cn204 00011 2 0.96083E-04
444 2 cn204 00011 3 0.98944E-04
445 2 cn204 00011 4 0.94175E-04
446 2 cn204 00011 5 0.93222E-04
447 2 cn204 00011 6 0.92030E-04
448 2 cn204 00011 7 0.97990E-04
449 2 cn204 00011 8 0.35048E-04
450 2 cn204 00011 9 0.20981E-04
451 2 cn204 00011 10 0.20027E-04
452 2 cn204 00011 11 0.00000E+00
453 2 cn204 00011 12 0.93937E-04
454 2 cn204 00011 13 0.89169E-04
455 2 cn204 00011 14 0.94891E-04
456 2 cn204 00011 15 0.90837E-04
457 2 cn204 00011 16 0.92030E-04
458 2 cn204 00011 17 0.90122E-04
459 2 cn204 00011 18 0.92030E-04
460 2 cn204 00011 19 0.92030E-04
461 2 cn204 00011 20 0.12398E-03
462 2 cn204 00011 21 0.88930E-04
463 2 cn204 00011 22 0.12493E-03
464 2 cn204 00011 23 0.12016E-03
465 2 cn204 00011 24 0.12398E-03
466 2 cn204 00011 25 0.13089E-03
467 2 cn204 00011 26 0.12279E-03
468 2 cn204 00011 27 0.10395E-03
469 2 cn204 00011 28 0.11802E-03
470 2 cn204 00011 29 0.10014E-03
471 2 cn204 00011 30 0.12803E-03
472 2 cn204 00011 31 0.11992E-03
473 2 cn204 00011 32 0.12183E-03
474 2 cn204 00011 33 0.12589E-03
475 2 cn204 00011 34 0.12708E-03
476 2 cn204 00011 35 0.97990E-04
477 2 cn204 00011 36 0.12279E-03
478 2 cn204 00011 37 0.12088E-03
479 2 cn204 00011 38 0.12183E-03
480 2 cn204 00011 39 0.12302E-03
481 2 cn204 00012 0 0.21291E-03
482 2 cn204 00012 1 0.96083E-04
483 2 cn204 00012 2 0.92983E-04
484 2 cn204 00012 3 0.88930E-04
485 2 cn204 00012 4 0.11110E-03
486 2 cn204 00012 5 0.93937E-04
487 2 cn204 00012 6 0.97990E-04
488 2 cn204 00012 7 0.92030E-04
489 2 cn204 00012 8 0.37193E-04
490 2 cn204 00012 9 0.20981E-04
491 2 cn204 00012 10 0.20027E-04
492 2 cn204 00012 11 0.20027E-04
493 2 cn204 00012 12 0.00000E+00
494 2 cn204 00012 13 0.90122E-04
495 2 cn204 00012 14 0.90837E-04
496 2 cn204 00012 15 0.92030E-04
497 2 cn204 00012 16 0.87976E-04
498 2 cn204 00012 17 0.92030E-04
499 2 cn204 00012 18 0.89884E-04
500 2 cn204 00012 19 0.95129E-04
501 2 cn204 00012 20 0.95129E-04
502 2 cn204 00012 21 0.11706E-03
503 2 cn204 00012 22 0.12302E-03
504 2 cn204 00012 23 0.12708E-03
505 2 cn204 00012 24 0.12016E-03
506 2 cn204 00012 25 0.11802E-03
507 2 cn204 00012 26 0.12207E-03
508 2 cn204 00012 27 0.11802E-03
509 2 cn204 00012 28 0.10300E-03
510 2 cn204 00012 29 0.11992E-03
511 2 cn204 00012 30 0.13804E-03
512 2 cn204 00012 31 0.11897E-03
513 2 cn204 00012 32 0.12207E-03
514 2 cn204 00012 33 0.11992E-03
515 2 cn204 00012 34 0.12708E-03
516 2 cn204 00012 35 0.11992E-03
517 2 cn204 00012 36 0.96083E-04
518 2 cn204 00012 37 0.11992E-03
519 2 cn204 00012 38 0.12207E-03
520 2 cn204 00012 39 0.12302E-03
521 2 cn204 00013 0 0.18001E-03
522 2 cn204 00013 1 0.86069E-04
523 2 cn204 00013 2 0.97036E-04
524 2 cn204 00013 3 0.96083E-04
525 2 cn204 00013 4 0.97990E-04
526 2 cn204 00013 5 0.91076E-04
527 2 cn204 00013 6 0.96083E-04
528 2 cn204 00013 7 0.90837E-04
529 2 cn204 00013 8 0.32902E-04
530 2 cn204 00013 9 0.21935E-04
531 2 cn204 00013 10 0.19789E-04
532 2 cn204 00013 11 0.20027E-04
533 2 cn204 00013 12 0.19073E-04
534 2 cn204 00013 13 0.00000E+00
535 2 cn204 00013 14 0.95844E-04
536 2 cn204 00013 15 0.80109E-04
537 2 cn204 00013 16 0.82970E-04
538 2 cn204 00013 17 0.78917E-04
539 2 cn204 00013 18 0.82970E-04
540 2 cn204 00013 19 0.89169E-04
541 2 cn204 00013 20 0.13113E-03
542 2 cn204 00013 21 0.90122E-04
543 2 cn204 00013 22 0.10300E-03
544 2 cn204 00013 23 0.13614E-03
545 2 cn204 00013 24 0.11802E-03
546 2 cn204 00013 25 0.12088E-03
547 2 cn204 00013 26 0.12517E-03
548 2 cn204 00013 27 0.12088E-03
549 2 cn204 00013 28 0.12898E-03
550 2 cn204 00013 29 0.92983E-04
551 2 cn204 00013 30 0.10419E-03
552 2 cn204 00013 31 0.11802E-03
553 2 cn204 00013 32 0.12612E-03
554 2 cn204 00013 33 0.11802E-03
555 2 cn204 00013 34 0.12112E-03
556 2 cn204 00013 35 0.12207E-03
557 2 cn204 00013 36 0.12398E-03
558 2 cn204 00013 37 0.94891E-04
559 2 cn204 00013 38 0.12398E-03
560 2 cn204 00013 39 0.12088E-03
561 2 cn204 00014 0 0.22483E-03
562 2 cn204 00014 1 0.94175E-04
563 2 cn204 00014 2 0.96083E-04
564 2 cn204 00014 3 0.96083E-04
565 2 cn204 00014 4 0.94175E-04
566 2 cn204 00014 5 0.92983E-04
567 2 cn204 00014 6 0.94891E-04
568 2 cn204 00014 7 0.90837E-04
569 2 cn204 00014 8 0.54121E-04
570 2 cn204 00014 9 0.24080E-04
571 2 cn204 00014 10 0.20981E-04
572 2 cn204 00014 11 0.20981E-04
573 2 cn204 00014 12 0.20027E-04
574 2 cn204 00014 13 0.20027E-04
575 2 cn204 00014 14 0.00000E+00
576 2 cn204 00014 15 0.97036E-04
577 2 cn204 00014 16 0.95129E-04
578 2 cn204 00014 17 0.86069E-04
579 2 cn204 00014 18 0.92983E-04
580 2 cn204 00014 19 0.92983E-04
581 2 cn204 00014 20 0.12398E-03
582 2 cn204 00014 21 0.11802E-03
583 2 cn204 00014 22 0.96083E-04
584 2 cn204 00014 23 0.13399E-03
585 2 cn204 00014 24 0.11897E-03
586 2 cn204 00014 25 0.13208E-03
587 2 cn204 00014 26 0.12207E-03
588 2 cn204 00014 27 0.13804E-03
589 2 cn204 00014 28 0.12183E-03
590 2 cn204 00014 29 0.12898E-03
591 2 cn204 00014 30 0.10014E-03
592 2 cn204 00014 31 0.12112E-03
593 2 cn204 00014 32 0.11992E-03
594 2 cn204 00014 33 0.12279E-03
595 2 cn204 00014 34 0.12803E-03
596 2 cn204 00014 35 0.12112E-03
597 2 cn204 00014 36 0.12708E-03
598 2 cn204 00014 37 0.12612E-03
599 2 cn204 00014 38 0.97990E-04
600 2 cn204 00014 39 0.12279E-03
601 2 cn204 00015 0 0.21291E-03
602 2 cn204 00015 1 0.93937E-04
603 2 cn204 00015 2 0.90837E-04
604 2 cn204 00015 3 0.88930E-04
605 2 cn204 00015 4 0.87023E-04
606 2 cn204 00015 5 0.93222E-04
607 2 cn204 00015 6 0.93937E-04
608 2 cn204 00015 7 0.94891E-04
609 2 cn204 00015 8 0.36955E-04
610 2 cn204 00015 9 0.21935E-04
611 2 cn204 00015 10 0.20981E-04
612 2 cn204 00015 11 0.21219E-04
613 2 cn204 00015 12 0.19789E-04
614 2 cn204 00015 13 0.20981E-04
615 2 cn204 00015 14 0.20981E-04
616 2 cn204 00015 15 0.00000E+00
617 2 cn204 00015 16 0.92030E-04
618 2 cn204 00015 17 0.83923E-04
619 2 cn204 00015 18 0.82016E-04
620 2 cn204 00015 19 0.86069E-04
621 2 cn204 00015 20 0.12803E-03
622 2 cn204 00015 21 0.11992E-03
623 2 cn204 00015 22 0.12422E-03
624 2 cn204 00015 23 0.97036E-04
625 2 cn204 00015 24 0.12994E-03
626 2 cn204 00015 25 0.12207E-03
627 2 cn204 00015 26 0.11706E-03
628 2 cn204 00015 27 0.13018E-03
629 2 cn204 00015 28 0.12088E-03
630 2 cn204 00015 29 0.14281E-03
631 2 cn204 00015 30 0.11992E-03
632 2 cn204 00015 31 0.10705E-03
633 2 cn204 00015 32 0.12183E-03
634 2 cn204 00015 33 0.11992E-03
635 2 cn204 00015 34 0.12112E-03
636 2 cn204 00015 35 0.12112E-03
637 2 cn204 00015 36 0.14091E-03
638 2 cn204 00015 37 0.12803E-03
639 2 cn204 00015 38 0.13709E-03
640 2 cn204 00015 39 0.10204E-03
641 2 cn204 00016 0 0.19217E-03
642 2 cn204 00016 1 0.88930E-04
643 2 cn204 00016 2 0.89884E-04
644 2 cn204 00016 3 0.97036E-04
645 2 cn204 00016 4 0.89884E-04
646 2 cn204 00016 5 0.96083E-04
647 2 cn204 00016 6 0.90122E-04
648 2 cn204 00016 7 0.93937E-04
649 2 cn204 00016 8 0.33855E-04
650 2 cn204 00016 9 0.22173E-04
651 2 cn204 00016 10 0.20027E-04
652 2 cn204 00016 11 0.20027E-04
653 2 cn204 00016 12 0.20981E-04
654 2 cn204 00016 13 0.27180E-04
655 2 cn204 00016 14 0.21935E-04
656 2 cn204 00016 15 0.20981E-04
657 2 cn204 00016 16 0.00000E+00
658 2 cn204 00016 17 0.87023E-04
659 2 cn204 00016 18 0.82016E-04
660 2 cn204 00016 19 0.83923E-04
661 2 cn204 00016 20 0.96083E-04
662 2 cn204 00016 21 0.11587E-03
663 2 cn204 00016 22 0.12398E-03
664 2 cn204 00016 23 0.13900E-03
665 2 cn204 00016 24 0.87976E-04
666 2 cn204 00016 25 0.12183E-03
667 2 cn204 00016 26 0.12708E-03
668 2 cn204 00016 27 0.13804E-03
669 2 cn204 00016 28 0.12612E-03
670 2 cn204 00016 29 0.13399E-03
671 2 cn204 00016 30 0.12302E-03
672 2 cn204 00016 31 0.12994E-03
673 2 cn204 00016 32 0.96083E-04
674 2 cn204 00016 33 0.12708E-03
675 2 cn204 00016 34 0.12708E-03
676 2 cn204 00016 35 0.12517E-03
677 2 cn204 00016 36 0.13590E-03
678 2 cn204 00016 37 0.13304E-03
679 2 cn204 00016 38 0.13494E-03
680 2 cn204 00016 39 0.13494E-03
681 2 cn204 00017 0 0.16809E-03
682 2 cn204 00017 1 0.91076E-04
683 2 cn204 00017 2 0.93937E-04
684 2 cn204 00017 3 0.94891E-04
685 2 cn204 00017 4 0.93937E-04
686 2 cn204 00017 5 0.90122E-04
687 2 cn204 00017 6 0.89884E-04
688 2 cn204 00017 7 0.88215E-04
689 2 cn204 00017 8 0.35048E-04
690 2 cn204 00017 9 0.22888E-04
691 2 cn204 00017 10 0.20981E-04
692 2 cn204 00017 11 0.20981E-04
693 2 cn204 00017 12 0.19789E-04
694 2 cn204 00017 13 0.20027E-04
695 2 cn204 00017 14 0.21935E-04
696 2 cn204 00017 15 0.20981E-04
697 2 cn204 00017 16 0.20027E-04
698 2 cn204 00017 17 0.00000E+00
699 2 cn204 00017 18 0.87976E-04
700 2 cn204 00017 19 0.83923E-04
701 2 cn204 00017 20 0.12398E-03
702 2 cn204 00017 21 0.91076E-04
703 2 cn204 00017 22 0.12422E-03
704 2 cn204 00017 23 0.13709E-03
705 2 cn204 00017 24 0.12422E-03
706 2 cn204 00017 25 0.91076E-04
707 2 cn204 00017 26 0.12493E-03
708 2 cn204 00017 27 0.12207E-03
709 2 cn204 00017 28 0.13709E-03
710 2 cn204 00017 29 0.12922E-03
711 2 cn204 00017 30 0.12302E-03
712 2 cn204 00017 31 0.13494E-03
713 2 cn204 00017 32 0.12493E-03
714 2 cn204 00017 33 0.92983E-04
715 2 cn204 00017 34 0.12589E-03
716 2 cn204 00017 35 0.12302E-03
717 2 cn204 00017 36 0.13900E-03
718 2 cn204 00017 37 0.13208E-03
719 2 cn204 00017 38 0.13995E-03
720 2 cn204 00017 39 0.12994E-03
721 2 cn204 00018 0 0.30684E-03
722 2 cn204 00018 1 0.92030E-04
723 2 cn204 00018 2 0.96083E-04
724 2 cn204 00018 3 0.94891E-04
725 2 cn204 00018 4 0.10490E-03
726 2 cn204 00018 5 0.90122E-04
727 2 cn204 00018 6 0.92030E-04
728 2 cn204 00018 7 0.96083E-04
729 2 cn204 00018 8 0.33140E-04
730 2 cn204 00018 9 0.23842E-04
731 2 cn204 00018 10 0.22173E-04
732 2 cn204 00018 11 0.20981E-04
733 2 cn204 00018 12 0.20981E-04
734 2 cn204 00018 13 0.20027E-04
735 2 cn204 00018 14 0.20981E-04
736 2 cn204 00018 15 0.18835E-04
737 2 cn204 00018 16 0.20027E-04
738 2 cn204 00018 17 0.20027E-04
739 2 cn204 00018 18 0.00000E+00
740 2 cn204 00018 19 0.87976E-04
741 2 cn204 00018 20 0.92983E-04
742 2 cn204 00018 21 0.11182E-03
743 2 cn204 00018 22 0.95844E-04
744 2 cn204 00018 23 0.13781E-03
745 2 cn204 00018 24 0.11992E-03
746 2 cn204 00018 25 0.12612E-03
747 2 cn204 00018 26 0.92030E-04
748 2 cn204 00018 27 0.12398E-03
749 2 cn204 00018 28 0.13494E-03
750 2 cn204 00018 29 0.12112E-03
751 2 cn204 00018 30 0.12994E-03
752 2 cn204 00018 31 0.12207E-03
753 2 cn204 00018 32 0.12112E-03
754 2 cn204 00018 33 0.11802E-03
755 2 cn204 00018 34 0.90122E-04
756 2 cn204 00018 35 0.11802E-03
757 2 cn204 00018 36 0.13089E-03
758 2 cn204 00018 37 0.13018E-03
759 2 cn204 00018 38 0.13280E-03
760 2 cn204 00018 39 0.12708E-03
761 2 cn204 00019 0 0.17309E-03
762 2 cn204 00019 1 0.87023E-04
763 2 cn204 00019 2 0.92983E-04
764 2 cn204 00019 3 0.94175E-04
765 2 cn204 00019 4 0.92030E-04
766 2 cn204 00019 5 0.92030E-04
767 2 cn204 00019 6 0.94175E-04
768 2 cn204 00019 7 0.95844E-04
769 2 cn204 00019 8 0.36001E-04
770 2 cn204 00019 9 0.22888E-04
771 2 cn204 00019 10 0.21935E-04
772 2 cn204 00019 11 0.21935E-04
773 2 cn204 00019 12 0.20981E-04
774 2 cn204 00019 13 0.21219E-04
775 2 cn204 00019 14 0.21219E-04
776 2 cn204 00019 15 0.20027E-04
777 2 cn204 00019 16 0.19789E-04
778 2 cn204 00019 17 0.20981E-04
779 2 cn204 00019 18 0.20027E-04
780 2 cn204 00019 19 0.00000E+00
781 2 cn204 00019 20 0.93937E-04
782 2 cn204 00019 21 0.87023E-04
783 2 cn204 00019 22 0.12493E-03
784 2 cn204 00019 23 0.93937E-04
785 2 cn204 00019 24 0.13494E-03
786 2 cn204 00019 25 0.12088E-03
787 2 cn204 00019 26 0.12708E-03
788 2 cn204 00019 27 0.99182E-04
789 2 cn204 00019 28 0.11802E-03
790 2 cn204 00019 29 0.13995E-03
791 2 cn204 00019 30 0.12016E-03
792 2 cn204 00019 31 0.13590E-03
793 2 cn204 00019 32 0.12183E-03
794 2 cn204 00019 33 0.12684E-03
795 2 cn204 00019 34 0.12803E-03
796 2 cn204 00019 35 0.95844E-04
797 2 cn204 00019 36 0.13280E-03
798 2 cn204 00019 37 0.12898E-03
799 2 cn204 00019 38 0.13399E-03
800 2 cn204 00019 39 0.12493E-03
801 3 cn203 00020 0 0.18096E-03
802 3 cn203 00020 1 0.93937E-04
803 3 cn203 00020 2 0.99182E-04
804 3 cn203 00020 3 0.96083E-04
805 3 cn203 00020 4 0.98944E-04
806 3 cn203 00020 5 0.94891E-04
807 3 cn203 00020 6 0.89884E-04
808 3 cn203 00020 7 0.97036E-04
809 3 cn203 00020 8 0.10204E-03
810 3 cn203 00020 9 0.92030E-04
811 3 cn203 00020 10 0.99897E-04
812 3 cn203 00020 11 0.10204E-03
813 3 cn203 00020 12 0.91791E-04
814 3 cn203 00020 13 0.11086E-03
815 3 cn203 00020 14 0.90837E-04
816 3 cn203 00020 15 0.94891E-04
817 3 cn203 00020 16 0.10204E-03
818 3 cn203 00020 17 0.10204E-03
819 3 cn203 00020 18 0.87023E-04
820 3 cn203 00020 19 0.87976E-04
821 3 cn203 00020 20 0.00000E+00
822 3 cn203 00020 21 0.14901E-03
823 3 cn203 00020 22 0.10395E-03
824 3 cn203 00020 23 0.10705E-03
825 3 cn203 00020 24 0.10395E-03
826 3 cn203 00020 25 0.10490E-03
827 3 cn203 00020 26 0.11611E-03
828 3 cn203 00020 27 0.11110E-03
829 3 cn203 00020 28 0.11086E-03
830 3 cn203 00020 29 0.11611E-03
831 3 cn203 00020 30 0.10800E-03
832 3 cn203 00020 31 0.10991E-03
833 3 cn203 00020 32 0.83923E-04
834 3 cn203 00020 33 0.11992E-03
835 3 cn203 00020 34 0.12493E-03
836 3 cn203 00020 35 0.11897E-03
837 3 cn203 00020 36 0.95844E-04
838 3 cn203 00020 37 0.13685E-03
839 3 cn203 00020 38 0.13304E-03
840 3 cn203 00020 39 0.13018E-03
841 3 cn203 00021 0 0.17905E-03
842 3 cn203 00021 1 0.94175E-04
843 3 cn203 00021 2 0.96798E-04
844 3 cn203 00021 3 0.98944E-04
845 3 cn203 00021 4 0.97990E-04
846 3 cn203 00021 5 0.10014E-03
847 3 cn203 00021 6 0.90122E-04
848 3 cn203 00021 7 0.93222E-04
849 3 cn203 00021 8 0.88930E-04
850 3 cn203 00021 9 0.87976E-04
851 3 cn203 00021 10 0.10014E-03
852 3 cn203 00021 11 0.89884E-04
853 3 cn203 00021 12 0.83923E-04
854 3 cn203 00021 13 0.92030E-04
855 3 cn203 00021 14 0.10109E-03
856 3 cn203 00021 15 0.96083E-04
857 3 cn203 00021 16 0.88930E-04
858 3 cn203 00021 17 0.10014E-03
859 3 cn203 00021 18 0.87976E-04
860 3 cn203 00021 19 0.87976E-04
861 3 cn203 00021 20 0.37909E-04
862 3 cn203 00021 21 0.00000E+00
863 3 cn203 00021 22 0.97036E-04
864 3 cn203 00021 23 0.92030E-04
865 3 cn203 00021 24 0.87976E-04
866 3 cn203 00021 25 0.89884E-04
867 3 cn203 00021 26 0.92983E-04
868 3 cn203 00021 27 0.92030E-04
869 3 cn203 00021 28 0.92030E-04
870 3 cn203 00021 29 0.96083E-04
871 3 cn203 00021 30 0.11015E-03
872 3 cn203 00021 31 0.91076E-04
873 3 cn203 00021 32 0.12589E-03
874 3 cn203 00021 33 0.12589E-03
875 3 cn203 00021 34 0.12302E-03
876 3 cn203 00021 35 0.11802E-03
877 3 cn203 00021 36 0.13185E-03
878 3 cn203 00021 37 0.92983E-04
879 3 cn203 00021 38 0.13590E-03
880 3 cn203 00021 39 0.12684E-03
881 3 cn203 00022 0 0.19598E-03
882 3 cn203 00022 1 0.93937E-04
883 3 cn203 00022 2 0.88215E-04
884 3 cn203 00022 3 0.91076E-04
885 3 cn203 00022 4 0.92983E-04
886 3 cn203 00022 5 0.87976E-04
887 3 cn203 00022 6 0.85115E-04
888 3 cn203 00022 7 0.87023E-04
889 3 cn203 00022 8 0.85831E-04
890 3 cn203 00022 9 0.82016E-04
891 3 cn203 00022 10 0.86069E-04
892 3 cn203 00022 11 0.87976E-04
893 3 cn203 00022 12 0.87976E-04
894 3 cn203 00022 13 0.88930E-04
895 3 cn203 00022 14 0.97990E-04
896 3 cn203 00022 15 0.85115E-04
897 3 cn203 00022 16 0.87023E-04
898 3 cn203 00022 17 0.89884E-04
899 3 cn203 00022 18 0.84877E-04
900 3 cn203 00022 19 0.82970E-04
901 3 cn203 00022 20 0.38147E-04
902 3 cn203 00022 21 0.17881E-04
903 3 cn203 00022 22 0.00000E+00
904 3 cn203 00022 23 0.90122E-04
905 3 cn203 00022 24 0.92983E-04
906 3 cn203 00022 25 0.87023E-04
907 3 cn203 00022 26 0.88930E-04
908 3 cn203 00022 27 0.89884E-04
909 3 cn203 00022 28 0.91076E-04
910 3 cn203 00022 29 0.92983E-04
911 3 cn203 00022 30 0.97990E-04
912 3 cn203 00022 31 0.87976E-04
913 3 cn203 00022 32 0.12398E-03
914 3 cn203 00022 33 0.10991E-03
915 3 cn203 00022 34 0.12898E-03
916 3 cn203 00022 35 0.12684E-03
917 3 cn203 00022 36 0.12398E-03
918 3 cn203 00022 37 0.12207E-03
919 3 cn203 00022 38 0.92983E-04
920 3 cn203 00022 39 0.13399E-03
921 3 cn203 00023 0 0.16904E-03
922 3 cn203 00023 1 0.90122E-04
923 3 cn203 00023 2 0.87023E-04
924 3 cn203 00023 3 0.87976E-04
925 3 cn203 00023 4 0.93937E-04
926 3 cn203 00023 5 0.91076E-04
927 3 cn203 00023 6 0.97036E-04
928 3 cn203 00023 7 0.97990E-04
929 3 cn203 00023 8 0.87023E-04
930 3 cn203 00023 9 0.85831E-04
931 3 cn203 00023 10 0.92983E-04
932 3 cn203 00023 11 0.95844E-04
933 3 cn203 00023 12 0.88930E-04
934 3 cn203 00023 13 0.95129E-04
935 3 cn203 00023 14 0.93937E-04
936 3 cn203 00023 15 0.92030E-04
937 3 cn203 00023 16 0.88930E-04
938 3 cn203 00023 17 0.91791E-04
939 3 cn203 00023 18 0.91076E-04
940 3 cn203 00023 19 0.93937E-04
941 3 cn203 00023 20 0.33855E-04
942 3 cn203 00023 21 0.20981E-04
943 3 cn203 00023 22 0.19073E-04
944 3 cn203 00023 23 0.00000E+00
945 3 cn203 00023 24 0.90122E-04
946 3 cn203 00023 25 0.92983E-04
947 3 cn203 00023 26 0.93937E-04
948 3 cn203 00023 27 0.92030E-04
949 3 cn203 00023 28 0.91076E-04
950 3 cn203 00023 29 0.94175E-04
951 3 cn203 00023 30 0.90837E-04
952 3 cn203 00023 31 0.89884E-04
953 3 cn203 00023 32 0.12684E-03
954 3 cn203 00023 33 0.12207E-03
955 3 cn203 00023 34 0.12517E-03
956 3 cn203 00023 35 0.11802E-03
957 3 cn203 00023 36 0.12779E-03
958 3 cn203 00023 37 0.12708E-03
959 3 cn203 00023 38 0.12517E-03
960 3 cn203 00023 39 0.10204E-03
961 3 cn203 00024 0 0.16904E-03
962 3 cn203 00024 1 0.88930E-04
963 3 cn203 00024 2 0.89169E-04
964 3 cn203 00024 3 0.91076E-04
965 3 cn203 00024 4 0.92983E-04
966 3 cn203 00024 5 0.87023E-04
967 3 cn203 00024 6 0.87023E-04
968 3 cn203 00024 7 0.89169E-04
969 3 cn203 00024 8 0.86069E-04
970 3 cn203 00024 9 0.80109E-04
971 3 cn203 00024 10 0.87976E-04
972 3 cn203 00024 11 0.85115E-04
973 3 cn203 00024 12 0.85115E-04
974 3 cn203 00024 13 0.86069E-04
975 3 cn203 00024 14 0.96798E-04
976 3 cn203 00024 15 0.86069E-04
977 3 cn203 00024 16 0.85115E-04
978 3 cn203 00024 17 0.82970E-04
979 3 cn203 00024 18 0.87023E-04
980 3 cn203 00024 19 0.85115E-04
981 3 cn203 00024 20 0.38147E-04
982 3 cn203 00024 21 0.17881E-04
983 3 cn203 00024 22 0.16928E-04
984 3 cn203 00024 23 0.15974E-04
985 3 cn203 00024 24 0.00000E+00
986 3 cn203 00024 25 0.91076E-04
987 3 cn203 00024 26 0.86069E-04
988 3 cn203 00024 27 0.83923E-04
989 3 cn203 00024 28 0.85115E-04
990 3 cn203 00024 29 0.87976E-04
991 3 cn203 00024 30 0.87976E-04
992 3 cn203 00024 31 0.91076E-04
993 3 cn203 00024 32 0.97990E-04
994 3 cn203 00024 33 0.11301E-03
995 3 cn203 00024 34 0.12589E-03
996 3 cn203 00024 35 0.12589E-03
997 3 cn203 00024 36 0.12398E-03
998 3 cn203 00024 37 0.12684E-03
999 3 cn203 00024 38 0.11802E-03
1000 3 cn203 00024 39 0.13614E-03
1001 3 cn203 00025 0 0.17095E-03
1002 3 cn203 00025 1 0.92030E-04
1003 3 cn203 00025 2 0.89884E-04
1004 3 cn203 00025 3 0.97990E-04
1005 3 cn203 00025 4 0.99897E-04
1006 3 cn203 00025 5 0.98228E-04
1007 3 cn203 00025 6 0.97036E-04
1008 3 cn203 00025 7 0.92983E-04
1009 3 cn203 00025 8 0.87976E-04
1010 3 cn203 00025 9 0.87023E-04
1011 3 cn203 00025 10 0.93222E-04
1012 3 cn203 00025 11 0.91076E-04
1013 3 cn203 00025 12 0.92030E-04
1014 3 cn203 00025 13 0.10180E-03
1015 3 cn203 00025 14 0.89884E-04
1016 3 cn203 00025 15 0.97036E-04
1017 3 cn203 00025 16 0.91076E-04
1018 3 cn203 00025 17 0.94891E-04
1019 3 cn203 00025 18 0.89884E-04
1020 3 cn203 00025 19 0.82970E-04
1021 3 cn203 00025 20 0.32902E-04
1022 3 cn203 00025 21 0.20981E-04
1023 3 cn203 00025 22 0.20027E-04
1024 3 cn203 00025 23 0.20027E-04
1025 3 cn203 00025 24 0.17881E-04
1026 3 cn203 00025 25 0.00000E+00
1027 3 cn203 00025 26 0.97990E-04
1028 3 cn203 00025 27 0.94175E-04
1029 3 cn203 00025 28 0.94891E-04
1030 3 cn203 00025 29 0.97036E-04
1031 3 cn203 00025 30 0.96083E-04
1032 3 cn203 00025 31 0.97036E-04
1033 3 cn203 00025 32 0.12207E-03
1034 3 cn203 00025 33 0.87023E-04
1035 3 cn203 00025 34 0.12088E-03
1036 3 cn203 00025 35 0.12112E-03
1037 3 cn203 00025 36 0.13113E-03
1038 3 cn203 00025 37 0.12612E-03
1039 3 cn203 00025 38 0.13804E-03
1040 3 cn203 00025 39 0.13185E-03
1041 3 cn203 00026 0 0.18287E-03
1042 3 cn203 00026 1 0.87023E-04
1043 3 cn203 00026 2 0.89884E-04
1044 3 cn203 00026 3 0.10800E-03
1045 3 cn203 00026 4 0.98944E-04
1046 3 cn203 00026 5 0.92983E-04
1047 3 cn203 00026 6 0.91791E-04
1048 3 cn203 00026 7 0.10610E-03
1049 3 cn203 00026 8 0.91076E-04
1050 3 cn203 00026 9 0.87023E-04
1051 3 cn203 00026 10 0.97036E-04
1052 3 cn203 00026 11 0.94175E-04
1053 3 cn203 00026 12 0.92983E-04
1054 3 cn203 00026 13 0.87976E-04
1055 3 cn203 00026 14 0.97036E-04
1056 3 cn203 00026 15 0.96083E-04
1057 3 cn203 00026 16 0.10204E-03
1058 3 cn203 00026 17 0.85831E-04
1059 3 cn203 00026 18 0.93937E-04
1060 3 cn203 00026 19 0.95844E-04
1061 3 cn203 00026 20 0.36955E-04
1062 3 cn203 00026 21 0.35048E-04
1063 3 cn203 00026 22 0.20981E-04
1064 3 cn203 00026 23 0.20981E-04
1065 3 cn203 00026 24 0.20027E-04
1066 3 cn203 00026 25 0.20027E-04
1067 3 cn203 00026 26 0.00000E+00
1068 3 cn203 00026 27 0.92030E-04
1069 3 cn203 00026 28 0.86069E-04
1070 3 cn203 00026 29 0.92030E-04
1071 3 cn203 00026 30 0.91076E-04
1072 3 cn203 00026 31 0.89884E-04
1073 3 cn203 00026 32 0.12898E-03
1074 3 cn203 00026 33 0.12207E-03
1075 3 cn203 00026 34 0.94175E-04
1076 3 cn203 00026 35 0.11802E-03
1077 3 cn203 00026 36 0.13304E-03
1078 3 cn203 00026 37 0.13399E-03
1079 3 cn203 00026 38 0.13304E-03
1080 3 cn203 00026 39 0.12684E-03
1081 3 cn203 00027 0 0.18096E-03
1082 3 cn203 00027 1 0.91791E-04
1083 3 cn203 00027 2 0.92983E-04
1084 3 cn203 00027 3 0.10085E-03
1085 3 cn203 00027 4 0.97990E-04
1086 3 cn203 00027 5 0.97990E-04
1087 3 cn203 00027 6 0.99897E-04
1088 3 cn203 00027 7 0.92983E-04
1089 3 cn203 00027 8 0.90122E-04
1090 3 cn203 00027 9 0.85831E-04
1091 3 cn203 00027 10 0.92983E-04
1092 3 cn203 00027 11 0.90837E-04
1093 3 cn203 00027 12 0.82016E-04
1094 3 cn203 00027 13 0.90837E-04
1095 3 cn203 00027 14 0.10991E-03
1096 3 cn203 00027 15 0.89169E-04
1097 3 cn203 00027 16 0.90122E-04
1098 3 cn203 00027 17 0.90837E-04
1099 3 cn203 00027 18 0.87023E-04
1100 3 cn203 00027 19 0.89884E-04
1101 3 cn203 00027 20 0.31948E-04
1102 3 cn203 00027 21 0.20981E-04
1103 3 cn203 00027 22 0.20981E-04
1104 3 cn203 00027 23 0.20027E-04
1105 3 cn203 00027 24 0.20027E-04
1106 3 cn203 00027 25 0.22173E-04
1107 3 cn203 00027 26 0.20027E-04
1108 3 cn203 00027 27 0.00000E+00
1109 3 cn203 00027 28 0.94175E-04
1110 3 cn203 00027 29 0.91076E-04
1111 3 cn203 00027 30 0.92030E-04
1112 3 cn203 00027 31 0.88930E-04
1113 3 cn203 00027 32 0.12302E-03
1114 3 cn203 00027 33 0.12612E-03
1115 3 cn203 00027 34 0.12398E-03
1116 3 cn203 00027 35 0.91076E-04
1117 3 cn203 00027 36 0.13399E-03
1118 3 cn203 00027 37 0.12803E-03
1119 3 cn203 00027 38 0.13494E-03
1120 3 cn203 00027 39 0.12684E-03
1121 3 cn203 00028 0 0.17619E-03
1122 3 cn203 00028 1 0.85115E-04
1123 3 cn203 00028 2 0.86069E-04
1124 3 cn203 00028 3 0.87976E-04
1125 3 cn203 00028 4 0.10395E-03
1126 3 cn203 00028 5 0.97036E-04
1127 3 cn203 00028 6 0.95129E-04
1128 3 cn203 00028 7 0.89169E-04
1129 3 cn203 00028 8 0.92983E-04
1130 3 cn203 00028 9 0.87976E-04
1131 3 cn203 00028 10 0.11301E-03
1132 3 cn203 00028 11 0.95129E-04
1133 3 cn203 00028 12 0.93937E-04
1134 3 cn203 00028 13 0.95129E-04
1135 3 cn203 00028 14 0.11301E-03
1136 3 cn203 00028 15 0.85115E-04
1137 3 cn203 00028 16 0.10490E-03
1138 3 cn203 00028 17 0.90837E-04
1139 3 cn203 00028 18 0.92983E-04
1140 3 cn203 00028 19 0.82970E-04
1141 3 cn203 00028 20 0.36001E-04
1142 3 cn203 00028 21 0.20981E-04
1143 3 cn203 00028 22 0.20981E-04
1144 3 cn203 00028 23 0.20981E-04
1145 3 cn203 00028 24 0.19073E-04
1146 3 cn203 00028 25 0.26941E-04
1147 3 cn203 00028 26 0.20027E-04
1148 3 cn203 00028 27 0.19073E-04
1149 3 cn203 00028 28 0.00000E+00
1150 3 cn203 00028 29 0.97036E-04
1151 3 cn203 00028 30 0.91076E-04
1152 3 cn203 00028 31 0.10085E-03
1153 3 cn203 00028 32 0.97036E-04
1154 3 cn203 00028 33 0.13208E-03
1155 3 cn203 00028 34 0.13208E-03
1156 3 cn203 00028 35 0.12589E-03
1157 3 cn203 00028 36 0.95844E-04
1158 3 cn203 00028 37 0.12302E-03
1159 3 cn203 00028 38 0.13614E-03
1160 3 cn203 00028 39 0.13494E-03
1161 3 cn203 00029 0 0.19097E-03
1162 3 cn203 00029 1 0.85115E-04
1163 3 cn203 00029 2 0.94175E-04
1164 3 cn203 00029 3 0.90122E-04
1165 3 cn203 00029 4 0.92030E-04
1166 3 cn203 00029 5 0.97036E-04
1167 3 cn203 00029 6 0.92983E-04
1168 3 cn203 00029 7 0.97990E-04
1169 3 cn203 00029 8 0.89884E-04
1170 3 cn203 00029 9 0.83923E-04
1171 3 cn203 00029 10 0.10014E-03
1172 3 cn203 00029 11 0.92030E-04
1173 3 cn203 00029 12 0.87023E-04
1174 3 cn203 00029 13 0.90837E-04
1175 3 cn203 00029 14 0.10586E-03
1176 3 cn203 00029 15 0.98944E-04
1177 3 cn203 00029 16 0.91076E-04
1178 3 cn203 00029 17 0.95129E-04
1179 3 cn203 00029 18 0.93222E-04
1180 3 cn203 00029 19 0.88930E-04
1181 3 cn203 00029 20 0.33855E-04
1182 3 cn203 00029 21 0.22173E-04
1183 3 cn203 00029 22 0.20981E-04
1184 3 cn203 00029 23 0.20981E-04
1185 3 cn203 00029 24 0.19073E-04
1186 3 cn203 00029 25 0.25988E-04
1187 3 cn203 00029 26 0.25988E-04
1188 3 cn203 00029 27 0.20027E-04
1189 3 cn203 00029 28 0.20027E-04
1190 3 cn203 00029 29 0.00000E+00
1191 3 cn203 00029 30 0.10085E-03
1192 3 cn203 00029 31 0.95844E-04
1193 3 cn203 00029 32 0.12088E-03
1194 3 cn203 00029 33 0.88930E-04
1195 3 cn203 00029 34 0.12398E-03
1196 3 cn203 00029 35 0.14400E-03
1197 3 cn203 00029 36 0.12684E-03
1198 3 cn203 00029 37 0.96083E-04
1199 3 cn203 00029 38 0.12803E-03
1200 3 cn203 00029 39 0.12183E-03
1201 3 cn203 00030 0 0.17500E-03
1202 3 cn203 00030 1 0.85115E-04
1203 3 cn203 00030 2 0.87976E-04
1204 3 cn203 00030 3 0.86069E-04
1205 3 cn203 00030 4 0.91076E-04
1206 3 cn203 00030 5 0.93937E-04
1207 3 cn203 00030 6 0.87976E-04
1208 3 cn203 00030 7 0.85831E-04
1209 3 cn203 00030 8 0.87023E-04
1210 3 cn203 00030 9 0.86069E-04
1211 3 cn203 00030 10 0.86784E-04
1212 3 cn203 00030 11 0.89169E-04
1213 3 cn203 00030 12 0.91076E-04
1214 3 cn203 00030 13 0.84877E-04
1215 3 cn203 00030 14 0.91076E-04
1216 3 cn203 00030 15 0.10395E-03
1217 3 cn203 00030 16 0.83923E-04
1218 3 cn203 00030 17 0.92030E-04
1219 3 cn203 00030 18 0.82016E-04
1220 3 cn203 00030 19 0.83923E-04
1221 3 cn203 00030 20 0.40054E-04
1222 3 cn203 00030 21 0.30994E-04
1223 3 cn203 00030 22 0.17881E-04
1224 3 cn203 00030 23 0.16928E-04
1225 3 cn203 00030 24 0.17166E-04
1226 3 cn203 00030 25 0.15974E-04
1227 3 cn203 00030 26 0.16928E-04
1228 3 cn203 00030 27 0.15974E-04
1229 3 cn203 00030 28 0.15974E-04
1230 3 cn203 00030 29 0.15974E-04
1231 3 cn203 00030 30 0.00000E+00
1232 3 cn203 00030 31 0.85831E-04
1233 3 cn203 00030 32 0.92983E-04
1234 3 cn203 00030 33 0.11301E-03
1235 3 cn203 00030 34 0.10300E-03
1236 3 cn203 00030 35 0.11301E-03
1237 3 cn203 00030 36 0.12898E-03
1238 3 cn203 00030 37 0.12517E-03
1239 3 cn203 00030 38 0.10896E-03
1240 3 cn203 00030 39 0.13494E-03
1241 3 cn203 00031 0 0.18406E-03
1242 3 cn203 00031 1 0.94891E-04
1243 3 cn203 00031 2 0.10014E-03
1244 3 cn203 00031 3 0.98944E-04
1245 3 cn203 00031 4 0.10109E-03
1246 3 cn203 00031 5 0.98944E-04
1247 3 cn203 00031 6 0.95129E-04
1248 3 cn203 00031 7 0.10109E-03
1249 3 cn203 00031 8 0.90837E-04
1250 3 cn203 00031 9 0.87976E-04
1251 3 cn203 00031 10 0.92030E-04
1252 3 cn203 00031 11 0.92983E-04
1253 3 cn203 00031 12 0.90122E-04
1254 3 cn203 00031 13 0.86069E-04
1255 3 cn203 00031 14 0.95129E-04
1256 3 cn203 00031 15 0.97036E-04
1257 3 cn203 00031 16 0.92983E-04
1258 3 cn203 00031 17 0.88930E-04
1259 3 cn203 00031 18 0.95129E-04
1260 3 cn203 00031 19 0.92030E-04
1261 3 cn203 00031 20 0.35048E-04
1262 3 cn203 00031 21 0.23127E-04
1263 3 cn203 00031 22 0.21935E-04
1264 3 cn203 00031 23 0.22173E-04
1265 3 cn203 00031 24 0.20981E-04
1266 3 cn203 00031 25 0.20027E-04
1267 3 cn203 00031 26 0.20027E-04
1268 3 cn203 00031 27 0.20027E-04
1269 3 cn203 00031 28 0.20027E-04
1270 3 cn203 00031 29 0.20027E-04
1271 3 cn203 00031 30 0.19073E-04
1272 3 cn203 00031 31 0.00000E+00
1273 3 cn203 00031 32 0.10014E-03
1274 3 cn203 00031 33 0.85115E-04
1275 3 cn203 00031 34 0.12898E-03
1276 3 cn203 00031 35 0.95844E-04
1277 3 cn203 00031 36 0.13185E-03
1278 3 cn203 00031 37 0.12994E-03
1279 3 cn203 00031 38 0.13304E-03
1280 3 cn203 00031 39 0.98944E-04
1281 4 cn201 00032 0 0.19598E-03
1282 4 cn201 00032 1 0.10991E-03
1283 4 cn201 00032 2 0.86784E-04
1284 4 cn201 00032 3 0.91076E-04
1285 4 cn201 00032 4 0.93937E-04
1286 4 cn201 00032 5 0.95844E-04
1287 4 cn201 00032 6 0.10109E-03
1288 4 cn201 00032 7 0.10109E-03
1289 4 cn201 00032 8 0.94891E-04
1290 4 cn201 00032 9 0.82970E-04
1291 4 cn201 00032 10 0.92983E-04
1292 4 cn201 00032 11 0.97036E-04
1293 4 cn201 00032 12 0.92983E-04
1294 4 cn201 00032 13 0.91076E-04
1295 4 cn201 00032 14 0.99897E-04
1296 4 cn201 00032 15 0.87023E-04
1297 4 cn201 00032 16 0.96083E-04
1298 4 cn201 00032 17 0.94891E-04
1299 4 cn201 00032 18 0.86069E-04
1300 4 cn201 00032 19 0.89884E-04
1301 4 cn201 00032 20 0.85831E-04
1302 4 cn201 00032 21 0.90837E-04
1303 4 cn201 00032 22 0.93937E-04
1304 4 cn201 00032 23 0.10014E-03
1305 4 cn201 00032 24 0.10514E-03
1306 4 cn201 00032 25 0.93937E-04
1307 4 cn201 00032 26 0.85115E-04
1308 4 cn201 00032 27 0.89169E-04
1309 4 cn201 00032 28 0.91076E-04
1310 4 cn201 00032 29 0.10705E-03
1311 4 cn201 00032 30 0.83923E-04
1312 4 cn201 00032 31 0.97990E-04
1313 4 cn201 00032 32 0.00000E+00
1314 4 cn201 00032 33 0.16999E-03
1315 4 cn201 00032 34 0.10705E-03
1316 4 cn201 00032 35 0.10681E-03
1317 4 cn201 00032 36 0.12302E-03
1318 4 cn201 00032 37 0.10896E-03
1319 4 cn201 00032 38 0.11015E-03
1320 4 cn201 00032 39 0.11706E-03
1321 4 cn201 00033 0 0.18907E-03
1322 4 cn201 00033 1 0.85831E-04
1323 4 cn201 00033 2 0.10991E-03
1324 4 cn201 00033 3 0.97036E-04
1325 4 cn201 00033 4 0.10014E-03
1326 4 cn201 00033 5 0.97990E-04
1327 4 cn201 00033 6 0.89884E-04
1328 4 cn201 00033 7 0.90122E-04
1329 4 cn201 00033 8 0.92030E-04
1330 4 cn201 00033 9 0.85115E-04
1331 4 cn201 00033 10 0.95129E-04
1332 4 cn201 00033 11 0.92983E-04
1333 4 cn201 00033 12 0.87976E-04
1334 4 cn201 00033 13 0.93937E-04
1335 4 cn201 00033 14 0.99182E-04
1336 4 cn201 00033 15 0.91076E-04
1337 4 cn201 00033 16 0.92030E-04
1338 4 cn201 00033 17 0.18907E-03
1339 4 cn201 00033 18 0.92030E-04
1340 4 cn201 00033 19 0.85831E-04
1341 4 cn201 00033 20 0.83208E-04
1342 4 cn201 00033 21 0.83923E-04
1343 4 cn201 00033 22 0.92030E-04
1344 4 cn201 00033 23 0.87976E-04
1345 4 cn201 00033 24 0.92983E-04
1346 4 cn201 00033 25 0.95844E-04
1347 4 cn201 00033 26 0.86069E-04
1348 4 cn201 00033 27 0.92030E-04
1349 4 cn201 00033 28 0.85115E-04
1350 4 cn201 00033 29 0.95844E-04
1351 4 cn201 00033 30 0.82016E-04
1352 4 cn201 00033 31 0.83208E-04
1353 4 cn201 00033 32 0.39101E-04
1354 4 cn201 00033 33 0.00000E+00
1355 4 cn201 00033 34 0.98944E-04
1356 4 cn201 00033 35 0.94175E-04
1357 4 cn201 00033 36 0.10014E-03
1358 4 cn201 00033 37 0.97990E-04
1359 4 cn201 00033 38 0.92983E-04
1360 4 cn201 00033 39 0.10014E-03
1361 4 cn201 00034 0 0.18501E-03
1362 4 cn201 00034 1 0.83208E-04
1363 4 cn201 00034 2 0.87976E-04
1364 4 cn201 00034 3 0.87023E-04
1365 4 cn201 00034 4 0.88930E-04
1366 4 cn201 00034 5 0.96798E-04
1367 4 cn201 00034 6 0.93937E-04
1368 4 cn201 00034 7 0.96083E-04
1369 4 cn201 00034 8 0.94175E-04
1370 4 cn201 00034 9 0.86069E-04
1371 4 cn201 00034 10 0.96083E-04
1372 4 cn201 00034 11 0.97036E-04
1373 4 cn201 00034 12 0.92030E-04
1374 4 cn201 00034 13 0.94891E-04
1375 4 cn201 00034 14 0.97990E-04
1376 4 cn201 00034 15 0.86069E-04
1377 4 cn201 00034 16 0.90122E-04
1378 4 cn201 00034 17 0.96083E-04
1379 4 cn201 00034 18 0.93937E-04
1380 4 cn201 00034 19 0.10300E-03
1381 4 cn201 00034 20 0.87023E-04
1382 4 cn201 00034 21 0.82970E-04
1383 4 cn201 00034 22 0.96083E-04
1384 4 cn201 00034 23 0.88930E-04
1385 4 cn201 00034 24 0.95844E-04
1386 4 cn201 00034 25 0.92030E-04
1387 4 cn201 00034 26 0.88930E-04
1388 4 cn201 00034 27 0.87023E-04
1389 4 cn201 00034 28 0.87023E-04
1390 4 cn201 00034 29 0.85115E-04
1391 4 cn201 00034 30 0.86069E-04
1392 4 cn201 00034 31 0.95129E-04
1393 4 cn201 00034 32 0.34094E-04
1394 4 cn201 00034 33 0.19073E-04
1395 4 cn201 00034 34 0.00000E+00
1396 4 cn201 00034 35 0.94891E-04
1397 4 cn201 00034 36 0.98944E-04
1398 4 cn201 00034 37 0.92030E-04
1399 4 cn201 00034 38 0.93222E-04
1400 4 cn201 00034 39 0.10180E-03
1401 4 cn201 00035 0 0.17715E-03
1402 4 cn201 00035 1 0.92030E-04
1403 4 cn201 00035 2 0.79870E-04
1404 4 cn201 00035 3 0.89884E-04
1405 4 cn201 00035 4 0.92030E-04
1406 4 cn201 00035 5 0.10109E-03
1407 4 cn201 00035 6 0.98944E-04
1408 4 cn201 00035 7 0.10109E-03
1409 4 cn201 00035 8 0.95129E-04
1410 4 cn201 00035 9 0.82970E-04
1411 4 cn201 00035 10 0.92983E-04
1412 4 cn201 00035 11 0.96083E-04
1413 4 cn201 00035 12 0.94891E-04
1414 4 cn201 00035 13 0.96798E-04
1415 4 cn201 00035 14 0.99897E-04
1416 4 cn201 00035 15 0.97036E-04
1417 4 cn201 00035 16 0.10109E-03
1418 4 cn201 00035 17 0.84162E-04
1419 4 cn201 00035 18 0.88930E-04
1420 4 cn201 00035 19 0.96083E-04
1421 4 cn201 00035 20 0.82970E-04
1422 4 cn201 00035 21 0.82970E-04
1423 4 cn201 00035 22 0.93937E-04
1424 4 cn201 00035 23 0.90837E-04
1425 4 cn201 00035 24 0.88930E-04
1426 4 cn201 00035 25 0.88930E-04
1427 4 cn201 00035 26 0.86069E-04
1428 4 cn201 00035 27 0.87976E-04
1429 4 cn201 00035 28 0.10085E-03
1430 4 cn201 00035 29 0.89884E-04
1431 4 cn201 00035 30 0.11301E-03
1432 4 cn201 00035 31 0.16403E-03
1433 4 cn201 00035 32 0.34094E-04
1434 4 cn201 00035 33 0.20981E-04
1435 4 cn201 00035 34 0.20981E-04
1436 4 cn201 00035 35 0.00000E+00
1437 4 cn201 00035 36 0.98944E-04
1438 4 cn201 00035 37 0.92983E-04
1439 4 cn201 00035 38 0.92030E-04
1440 4 cn201 00035 39 0.99897E-04
1441 4 cn201 00036 0 0.18907E-03
1442 4 cn201 00036 1 0.92030E-04
1443 4 cn201 00036 2 0.82970E-04
1444 4 cn201 00036 3 0.89884E-04
1445 4 cn201 00036 4 0.95844E-04
1446 4 cn201 00036 5 0.97990E-04
1447 4 cn201 00036 6 0.92030E-04
1448 4 cn201 00036 7 0.94891E-04
1449 4 cn201 00036 8 0.92983E-04
1450 4 cn201 00036 9 0.79870E-04
1451 4 cn201 00036 10 0.96083E-04
1452 4 cn201 00036 11 0.96083E-04
1453 4 cn201 00036 12 0.93937E-04
1454 4 cn201 00036 13 0.96083E-04
1455 4 cn201 00036 14 0.99897E-04
1456 4 cn201 00036 15 0.10204E-03
1457 4 cn201 00036 16 0.92983E-04
1458 4 cn201 00036 17 0.90122E-04
1459 4 cn201 00036 18 0.83923E-04
1460 4 cn201 00036 19 0.87976E-04
1461 4 cn201 00036 20 0.89884E-04
1462 4 cn201 00036 21 0.81062E-04
1463 4 cn201 00036 22 0.10109E-03
1464 4 cn201 00036 23 0.87023E-04
1465 4 cn201 00036 24 0.82970E-04
1466 4 cn201 00036 25 0.85831E-04
1467 4 cn201 00036 26 0.10180E-03
1468 4 cn201 00036 27 0.83208E-04
1469 4 cn201 00036 28 0.91791E-04
1470 4 cn201 00036 29 0.94891E-04
1471 4 cn201 00036 30 0.87976E-04
1472 4 cn201 00036 31 0.82970E-04
1473 4 cn201 00036 32 0.35048E-04
1474 4 cn201 00036 33 0.24080E-04
1475 4 cn201 00036 34 0.20981E-04
1476 4 cn201 00036 35 0.19789E-04
1477 4 cn201 00036 36 0.00000E+00
1478 4 cn201 00036 37 0.95844E-04
1479 4 cn201 00036 38 0.88930E-04
1480 4 cn201 00036 39 0.92030E-04
1481 4 cn201 00037 0 0.45085E-03
1482 4 cn201 00037 1 0.97036E-04
1483 4 cn201 00037 2 0.89884E-04
1484 4 cn201 00037 3 0.90837E-04
1485 4 cn201 00037 4 0.89884E-04
1486 4 cn201 00037 5 0.90837E-04
1487 4 cn201 00037 6 0.85831E-04
1488 4 cn201 00037 7 0.84877E-04
1489 4 cn201 00037 8 0.87023E-04
1490 4 cn201 00037 9 0.77963E-04
1491 4 cn201 00037 10 0.88930E-04
1492 4 cn201 00037 11 0.89169E-04
1493 4 cn201 00037 12 0.84162E-04
1494 4 cn201 00037 13 0.94891E-04
1495 4 cn201 00037 14 0.92983E-04
1496 4 cn201 00037 15 0.82016E-04
1497 4 cn201 00037 16 0.90837E-04
1498 4 cn201 00037 17 0.87976E-04
1499 4 cn201 00037 18 0.82970E-04
1500 4 cn201 00037 19 0.82016E-04
1501 4 cn201 00037 20 0.80109E-04
1502 4 cn201 00037 21 0.82970E-04
1503 4 cn201 00037 22 0.87976E-04
1504 4 cn201 00037 23 0.89169E-04
1505 4 cn201 00037 24 0.86069E-04
1506 4 cn201 00037 25 0.85115E-04
1507 4 cn201 00037 26 0.82016E-04
1508 4 cn201 00037 27 0.81062E-04
1509 4 cn201 00037 28 0.98944E-04
1510 4 cn201 00037 29 0.83923E-04
1511 4 cn201 00037 30 0.10514E-03
1512 4 cn201 00037 31 0.76056E-04
1513 4 cn201 00037 32 0.30041E-04
1514 4 cn201 00037 33 0.35048E-04
1515 4 cn201 00037 34 0.17881E-04
1516 4 cn201 00037 35 0.15974E-04
1517 4 cn201 00037 36 0.15020E-04
1518 4 cn201 00037 37 0.00000E+00
1519 4 cn201 00037 38 0.94175E-04
1520 4 cn201 00037 39 0.95129E-04
1521 4 cn201 00038 0 0.17786E-03
1522 4 cn201 00038 1 0.82970E-04
1523 4 cn201 00038 2 0.85115E-04
1524 4 cn201 00038 3 0.94891E-04
1525 4 cn201 00038 4 0.10180E-03
1526 4 cn201 00038 5 0.15187E-03
1527 4 cn201 00038 6 0.92030E-04
1528 4 cn201 00038 7 0.92983E-04
1529 4 cn201 00038 8 0.89169E-04
1530 4 cn201 00038 9 0.90122E-04
1531 4 cn201 00038 10 0.94891E-04
1532 4 cn201 00038 11 0.97036E-04
1533 4 cn201 00038 12 0.94891E-04
1534 4 cn201 00038 13 0.93937E-04
1535 4 cn201 00038 14 0.99897E-04
1536 4 cn201 00038 15 0.84877E-04
1537 4 cn201 00038 16 0.88930E-04
1538 4 cn201 00038 17 0.94891E-04
1539 4 cn201 00038 18 0.97990E-04
1540 4 cn201 00038 19 0.95129E-04
1541 4 cn201 00038 20 0.83923E-04
1542 4 cn201 00038 21 0.85831E-04
1543 4 cn201 00038 22 0.92983E-04
1544 4 cn201 00038 23 0.88930E-04
1545 4 cn201 00038 24 0.82970E-04
1546 4 cn201 00038 25 0.88930E-04
1547 4 cn201 00038 26 0.91076E-04
1548 4 cn201 00038 27 0.91076E-04
1549 4 cn201 00038 28 0.87976E-04
1550 4 cn201 00038 29 0.92983E-04
1551 4 cn201 00038 30 0.92983E-04
1552 4 cn201 00038 31 0.95129E-04
1553 4 cn201 00038 32 0.33140E-04
1554 4 cn201 00038 33 0.20981E-04
1555 4 cn201 00038 34 0.20027E-04
1556 4 cn201 00038 35 0.19073E-04
1557 4 cn201 00038 36 0.19073E-04
1558 4 cn201 00038 37 0.19073E-04
1559 4 cn201 00038 38 0.00000E+00
1560 4 cn201 00038 39 0.10014E-03
1561 4 cn201 00039 0 0.17595E-03
1562 4 cn201 00039 1 0.97990E-04
1563 4 cn201 00039 2 0.87023E-04
1564 4 cn201 00039 3 0.92983E-04
1565 4 cn201 00039 4 0.92030E-04
1566 4 cn201 00039 5 0.93937E-04
1567 4 cn201 00039 6 0.98944E-04
1568 4 cn201 00039 7 0.97990E-04
1569 4 cn201 00039 8 0.92983E-04
1570 4 cn201 00039 9 0.83923E-04
1571 4 cn201 00039 10 0.92983E-04
1572 4 cn201 00039 11 0.87023E-04
1573 4 cn201 00039 12 0.91076E-04
1574 4 cn201 00039 13 0.92030E-04
1575 4 cn201 00039 14 0.10204E-03
1576 4 cn201 00039 15 0.82970E-04
1577 4 cn201 00039 16 0.90122E-04
1578 4 cn201 00039 17 0.94891E-04
1579 4 cn201 00039 18 0.91076E-04
1580 4 cn201 00039 19 0.91076E-04
1581 4 cn201 00039 20 0.82970E-04
1582 4 cn201 00039 21 0.86069E-04
1583 4 cn201 00039 22 0.89169E-04
1584 4 cn201 00039 23 0.92983E-04
1585 4 cn201 00039 24 0.91076E-04
1586 4 cn201 00039 25 0.84877E-04
1587 4 cn201 00039 26 0.86069E-04
1588 4 cn201 00039 27 0.90122E-04
1589 4 cn201 00039 28 0.85831E-04
1590 4 cn201 00039 29 0.86069E-04
1591 4 cn201 00039 30 0.89169E-04
1592 4 cn201 00039 31 0.90837E-04
1593 4 cn201 00039 32 0.34094E-04
1594 4 cn201 00039 33 0.20981E-04
1595 4 cn201 00039 34 0.20981E-04
1596 4 cn201 00039 35 0.26941E-04
1597 4 cn201 00039 36 0.20027E-04
1598 4 cn201 00039 37 0.19073E-04
1599 4 cn201 00039 38 0.27180E-04
1600 4 cn201 00039 39 0.00000E+00
