00000 cn206 0 0.00000E+00
00000 cn206 1 0.33886E+01
00000 cn206 2 0.11206E-03
00000 cn206 3 0.12803E-03
00000 cn206 4 0.72505E+01
00000 cn206 5 0.20844E+01
00000 cn206 6 0.30810E-01
00000 cn206 7 0.11611E-01
00000 cn206 8 0.37694E-03
00000 cn206 9 0.23389E-03
00000 cn206 10 0.10402E+02
00000 cn206 11 0.21100E-03
00000 cn206 12 0.17786E-03
00000 cn206 13 0.18096E-03
00000 cn206 14 0.20409E-03
00000 cn206 15 0.21100E-03
00000 cn206 16 0.19288E-03
00000 cn206 17 0.17691E-03
00000 cn206 18 0.17405E-03
00000 cn206 19 0.16904E-03
00000 cn206 20 0.15807E-03
00000 cn206 21 0.19217E-03
00000 cn206 22 0.20409E-03
00000 cn206 23 0.17595E-03
00000 cn206 24 0.18907E-03
00000 cn206 25 0.17095E-03
00000 cn206 26 0.28339E+01
00000 cn206 27 0.21601E-03
00000 cn206 28 0.24700E-03
00000 cn206 29 0.18692E-03
00000 cn206 30 0.17595E-03
00000 cn206 31 0.20099E-03
00000 cn206 32 0.22507E-03
00000 cn206 33 0.17810E-03
00000 cn206 34 0.18907E-03
00000 cn206 35 0.20099E-03
00000 cn206 36 0.22006E-03
00000 cn206 37 0.24796E-03
00000 cn206 38 0.37909E-03
00000 cn206 39 0.31495E-03
00001 cn206 0 0.10586E-03
00001 cn206 1 0.00000E+00
00001 cn206 2 0.13900E-03
00001 cn206 3 0.10014E-03
00001 cn206 4 0.10610E-03
00001 cn206 5 0.97036E-04
00001 cn206 6 0.10300E-03
00001 cn206 7 0.10395E-03
00001 cn206 8 0.35810E-03
00001 cn206 9 0.14901E-03
00001 cn206 10 0.13494E-03
00001 cn206 11 0.17285E-03
00001 cn206 12 0.16189E-03
00001 cn206 13 0.16308E-03
00001 cn206 14 0.21005E-03
00001 cn206 15 0.17405E-03
00001 cn206 16 0.96083E-04
00001 cn206 17 0.13494E-03
00001 cn206 18 0.14210E-03
00001 cn206 19 0.14687E-03
00001 cn206 20 0.16403E-03
00001 cn206 21 0.15306E-03
00001 cn206 22 0.16594E-03
00001 cn206 23 0.17118E-03
00001 cn206 24 0.15593E-03
00001 cn206 25 0.14591E-03
00001 cn206 26 0.18001E-03
00001 cn206 27 0.14091E-03
00001 cn206 28 0.16713E-03
00001 cn206 29 0.15903E-03
00001 cn206 30 0.14400E-03
00001 cn206 31 0.15116E-03
00001 cn206 32 0.14091E-03
00001 cn206 33 0.13995E-03
00001 cn206 34 0.15998E-03
00001 cn206 35 0.21386E-03
00001 cn206 36 0.18287E-03
00001 cn206 37 0.12708E-03
00001 cn206 38 0.14305E-03
00001 cn206 39 0.14591E-03
00002 cn206 0 0.85115E-04
00002 cn206 1 0.21219E-04
00002 cn206 2 0.00000E+00
00002 cn206 3 0.10109E-03
00002 cn206 4 0.91076E-04
00002 cn206 5 0.89884E-04
00002 cn206 6 0.87023E-04
00002 cn206 7 0.90837E-04
00002 cn206 8 0.26798E-03
00002 cn206 9 0.16284E-03
00002 cn206 10 0.10610E-03
00002 cn206 11 0.19312E-03
00002 cn206 12 0.15402E-03
00002 cn206 13 0.12493E-03
00002 cn206 14 0.19407E-03
00002 cn206 15 0.14496E-03
00002 cn206 16 0.19598E-03
00002 cn206 17 0.19908E-03
00002 cn206 18 0.13900E-03
00002 cn206 19 0.17285E-03
00002 cn206 20 0.12302E-03
00002 cn206 21 0.15402E-03
00002 cn206 22 0.15712E-03
00002 cn206 23 0.14019E-03
00002 cn206 24 0.17691E-03
00002 cn206 25 0.17309E-03
00002 cn206 26 0.13995E-03
00002 cn206 27 0.17715E-03
00002 cn206 28 0.15116E-03
00002 cn206 29 0.18787E-03
00002 cn206 30 0.18692E-03
00002 cn206 31 0.14496E-03
00002 cn206 32 0.12398E-03
00002 cn206 33 0.16689E-03
00002 cn206 34 0.13804E-03
00002 cn206 35 0.16904E-03
00002 cn206 36 0.16785E-03
00002 cn206 37 0.16785E-03
00002 cn206 38 0.90837E-04
00002 cn206 39 0.12994E-03
00003 cn206 0 0.62943E-04
00003 cn206 1 0.18120E-04
00003 cn206 2 0.15020E-04
00003 cn206 3 0.00000E+00
00003 cn206 4 0.94175E-04
00003 cn206 5 0.87976E-04
00003 cn206 6 0.91076E-04
00003 cn206 7 0.91076E-04
00003 cn206 8 0.26393E-03
00003 cn206 9 0.16189E-03
00003 cn206 10 0.13494E-03
00003 cn206 11 0.93937E-04
00003 cn206 12 0.11897E-03
00003 cn206 13 0.11802E-03
00003 cn206 14 0.14901E-03
00003 cn206 15 0.15020E-03
00003 cn206 16 0.13494E-03
00003 cn206 17 0.12398E-03
00003 cn206 18 0.11683E-03
00003 cn206 19 0.87976E-04
00003 cn206 20 0.15497E-03
00003 cn206 21 0.13709E-03
00003 cn206 22 0.16403E-03
00003 cn206 23 0.13185E-03
00003 cn206 24 0.13494E-03
00003 cn206 25 0.99897E-04
00003 cn206 26 0.12398E-03
00003 cn206 27 0.10014E-03
00003 cn206 28 0.14019E-03
00003 cn206 29 0.14710E-03
00003 cn206 30 0.11611E-03
00003 cn206 31 0.14591E-03
00003 cn206 32 0.13185E-03
00003 cn206 33 0.12898E-03
00003 cn206 34 0.13614E-03
00003 cn206 35 0.12803E-03
00003 cn206 36 0.12994E-03
00003 cn206 37 0.12398E-03
00003 cn206 38 0.12112E-03
00003 cn206 39 0.94891E-04
00004 cn206 0 0.81062E-04
00004 cn206 1 0.20027E-04
00004 cn206 2 0.18120E-04
00004 cn206 3 0.17881E-04
00004 cn206 4 0.00000E+00
00004 cn206 5 0.10085E-03
00004 cn206 6 0.88930E-04
00004 cn206 7 0.87023E-04
00004 cn206 8 0.20289E-03
00004 cn206 9 0.15187E-03
00004 cn206 10 0.12207E-03
00004 cn206 11 0.13709E-03
00004 cn206 12 0.12183E-03
00004 cn206 13 0.12302E-03
00004 cn206 14 0.13089E-03
00004 cn206 15 0.14305E-03
00004 cn206 16 0.15211E-03
00004 cn206 17 0.14997E-03
00004 cn206 18 0.12183E-03
00004 cn206 19 0.13304E-03
00004 cn206 20 0.82016E-04
00004 cn206 21 0.15593E-03
00004 cn206 22 0.14782E-03
00004 cn206 23 0.14091E-03
00004 cn206 24 0.11587E-03
00004 cn206 25 0.12112E-03
00004 cn206 26 0.12398E-03
00004 cn206 27 0.12398E-03
00004 cn206 28 0.11897E-03
00004 cn206 29 0.13804E-03
00004 cn206 30 0.12088E-03
00004 cn206 31 0.13494E-03
00004 cn206 32 0.11897E-03
00004 cn206 33 0.11992E-03
00004 cn206 34 0.12088E-03
00004 cn206 35 0.12183E-03
00004 cn206 36 0.93937E-04
00004 cn206 37 0.12398E-03
00004 cn206 38 0.12088E-03
00004 cn206 39 0.12398E-03
00005 cn206 0 0.66042E-04
00005 cn206 1 0.16928E-04
00005 cn206 2 0.15020E-04
00005 cn206 3 0.15974E-04
00005 cn206 4 0.20027E-04
00005 cn206 5 0.00000E+00
00005 cn206 6 0.97036E-04
00005 cn206 7 0.92030E-04
00005 cn206 8 0.23484E-03
00005 cn206 9 0.13208E-03
00005 cn206 10 0.11706E-03
00005 cn206 11 0.12398E-03
00005 cn206 12 0.13995E-03
00005 cn206 13 0.87976E-04
00005 cn206 14 0.13304E-03
00005 cn206 15 0.13304E-03
00005 cn206 16 0.13709E-03
00005 cn206 17 0.15306E-03
00005 cn206 18 0.90837E-04
00005 cn206 19 0.14019E-03
00005 cn206 20 0.12302E-03
00005 cn206 21 0.10300E-03
00005 cn206 22 0.14496E-03
00005 cn206 23 0.13900E-03
00005 cn206 24 0.11683E-03
00005 cn206 25 0.11683E-03
00005 cn206 26 0.98944E-04
00005 cn206 27 0.12994E-03
00005 cn206 28 0.13208E-03
00005 cn206 29 0.11611E-03
00005 cn206 30 0.13399E-03
00005 cn206 31 0.13995E-03
00005 cn206 32 0.12088E-03
00005 cn206 33 0.11706E-03
00005 cn206 34 0.12207E-03
00005 cn206 35 0.12207E-03
00005 cn206 36 0.12517E-03
00005 cn206 37 0.87976E-04
00005 cn206 38 0.12112E-03
00005 cn206 39 0.11802E-03
00006 cn206 0 0.63896E-04
00006 cn206 1 0.18120E-04
00006 cn206 2 0.15974E-04
00006 cn206 3 0.14782E-04
00006 cn206 4 0.16928E-04
00006 cn206 5 0.15020E-04
00006 cn206 6 0.00000E+00
00006 cn206 7 0.98944E-04
00006 cn206 8 0.18692E-03
00006 cn206 9 0.15903E-03
00006 cn206 10 0.88215E-04
00006 cn206 11 0.12708E-03
00006 cn206 12 0.12398E-03
00006 cn206 13 0.13304E-03
00006 cn206 14 0.94891E-04
00006 cn206 15 0.13208E-03
00006 cn206 16 0.14114E-03
00006 cn206 17 0.13995E-03
00006 cn206 18 0.11492E-03
00006 cn206 19 0.13304E-03
00006 cn206 20 0.11802E-03
00006 cn206 21 0.14091E-03
00006 cn206 22 0.85831E-04
00006 cn206 23 0.13089E-03
00006 cn206 24 0.13185E-03
00006 cn206 25 0.14091E-03
00006 cn206 26 0.11587E-03
00006 cn206 27 0.12994E-03
00006 cn206 28 0.14305E-03
00006 cn206 29 0.13709E-03
00006 cn206 30 0.94175E-04
00006 cn206 31 0.14019E-03
00006 cn206 32 0.11611E-03
00006 cn206 33 0.12898E-03
00006 cn206 34 0.12898E-03
00006 cn206 35 0.12898E-03
00006 cn206 36 0.12207E-03
00006 cn206 37 0.12302E-03
00006 cn206 38 0.95844E-04
00006 cn206 39 0.11802E-03
00007 cn206 0 0.68903E-04
00007 cn206 1 0.20027E-04
00007 cn206 2 0.15020E-04
00007 cn206 3 0.15020E-04
00007 cn206 4 0.15974E-04
00007 cn206 5 0.15974E-04
00007 cn206 6 0.15020E-04
00007 cn206 7 0.00000E+00
00007 cn206 8 0.24104E-03
00007 cn206 9 0.13280E-03
00007 cn206 10 0.12517E-03
00007 cn206 11 0.93937E-04
00007 cn206 12 0.11897E-03
00007 cn206 13 0.12088E-03
00007 cn206 14 0.14400E-03
00007 cn206 15 0.89169E-04
00007 cn206 16 0.12398E-03
00007 cn206 17 0.13804E-03
00007 cn206 18 0.11277E-03
00007 cn206 19 0.87976E-04
00007 cn206 20 0.11992E-03
00007 cn206 21 0.11206E-03
00007 cn206 22 0.13304E-03
00007 cn206 23 0.93937E-04
00007 cn206 24 0.13113E-03
00007 cn206 25 0.12207E-03
00007 cn206 26 0.11897E-03
00007 cn206 27 0.87976E-04
00007 cn206 28 0.14520E-03
00007 cn206 29 0.13614E-03
00007 cn206 30 0.13208E-03
00007 cn206 31 0.89884E-04
00007 cn206 32 0.11683E-03
00007 cn206 33 0.12898E-03
00007 cn206 34 0.12589E-03
00007 cn206 35 0.12493E-03
00007 cn206 36 0.12398E-03
00007 cn206 37 0.11802E-03
00007 cn206 38 0.12207E-03
00007 cn206 39 0.93937E-04
00008 cn204 0 0.25201E-03
00008 cn204 1 0.12422E-03
00008 cn204 2 0.97990E-04
00008 cn204 3 0.14019E-03
00008 cn204 4 0.13304E-03
00008 cn204 5 0.14997E-03
00008 cn204 6 0.15688E-03
00008 cn204 7 0.12183E-03
00008 cn204 8 0.00000E+00
00008 cn204 9 0.13900E-03
00008 cn204 10 0.10204E-03
00008 cn204 11 0.96798E-04
00008 cn204 12 0.10109E-03
00008 cn204 13 0.97036E-04
00008 cn204 14 0.11396E-03
00008 cn204 15 0.10490E-03
00008 cn204 16 0.10586E-03
00008 cn204 17 0.12803E-03
00008 cn204 18 0.10490E-03
00008 cn204 19 0.10896E-03
00008 cn204 20 0.12398E-03
00008 cn204 21 0.12207E-03
00008 cn204 22 0.12708E-03
00008 cn204 23 0.12589E-03
00008 cn204 24 0.97990E-04
00008 cn204 25 0.13208E-03
00008 cn204 26 0.13185E-03
00008 cn204 27 0.12517E-03
00008 cn204 28 0.14496E-03
00008 cn204 29 0.15306E-03
00008 cn204 30 0.12088E-03
00008 cn204 31 0.12708E-03
00008 cn204 32 0.95129E-04
00008 cn204 33 0.12398E-03
00008 cn204 34 0.12493E-03
00008 cn204 35 0.12398E-03
00008 cn204 36 0.12708E-03
00008 cn204 37 0.12708E-03
00008 cn204 38 0.12302E-03
00008 cn204 39 0.13590E-03
00009 cn204 0 0.18811E-03
00009 cn204 1 0.92983E-04
00009 cn204 2 0.11992E-03
00009 cn204 3 0.10204E-03
00009 cn204 4 0.13304E-03
00009 cn204 5 0.17405E-03
00009 cn204 6 0.13781E-03
00009 cn204 7 0.19288E-03
00009 cn204 8 0.39101E-04
00009 cn204 9 0.00000E+00
00009 cn204 10 0.97990E-04
00009 cn204 11 0.88930E-04
00009 cn204 12 0.91076E-04
00009 cn204 13 0.88930E-04
00009 cn204 14 0.96083E-04
00009 cn204 15 0.92030E-04
00009 cn204 16 0.90837E-04
00009 cn204 17 0.89884E-04
00009 cn204 18 0.93937E-04
00009 cn204 19 0.92030E-04
00009 cn204 20 0.93937E-04
00009 cn204 21 0.11778E-03
00009 cn204 22 0.12589E-03
00009 cn204 23 0.13185E-03
00009 cn204 24 0.11516E-03
00009 cn204 25 0.95844E-04
00009 cn204 26 0.12779E-03
00009 cn204 27 0.13900E-03
00009 cn204 28 0.90837E-04
00009 cn204 29 0.12994E-03
00009 cn204 30 0.12803E-03
00009 cn204 31 0.11921E-03
00009 cn204 32 0.12708E-03
00009 cn204 33 0.87976E-04
00009 cn204 34 0.12398E-03
00009 cn204 35 0.12302E-03
00009 cn204 36 0.12803E-03
00009 cn204 37 0.12517E-03
00009 cn204 38 0.12898E-03
00009 cn204 39 0.12112E-03
00010 cn204 0 0.25082E-03
00010 cn204 1 0.95129E-04
00010 cn204 2 0.95129E-04
00010 cn204 3 0.92983E-04
00010 cn204 4 0.88930E-04
00010 cn204 5 0.99897E-04
00010 cn204 6 0.92030E-04
00010 cn204 7 0.95844E-04
00010 cn204 8 0.35048E-04
00010 cn204 9 0.17881E-04
00010 cn204 10 0.00000E+00
00010 cn204 11 0.10180E-03
00010 cn204 12 0.92030E-04
00010 cn204 13 0.93937E-04
00010 cn204 14 0.10204E-03
00010 cn204 15 0.93937E-04
00010 cn204 16 0.92983E-04
00010 cn204 17 0.93937E-04
00010 cn204 18 0.91076E-04
00010 cn204 19 0.90837E-04
00010 cn204 20 0.12708E-03
00010 cn204 21 0.12207E-03
00010 cn204 22 0.12016E-03
00010 cn204 23 0.12589E-03
00010 cn204 24 0.12994E-03
00010 cn204 25 0.12612E-03
00010 cn204 26 0.92030E-04
00010 cn204 27 0.13208E-03
00010 cn204 28 0.13614E-03
00010 cn204 29 0.12803E-03
00010 cn204 30 0.13089E-03
00010 cn204 31 0.11897E-03
00010 cn204 32 0.18001E-03
00010 cn204 33 0.11897E-03
00010 cn204 34 0.92983E-04
00010 cn204 35 0.26798E-03
00010 cn204 36 0.12493E-03
00010 cn204 37 0.12183E-03
00010 cn204 38 0.12302E-03
00010 cn204 39 0.12398E-03
00011 cn204 0 0.20909E-03
00011 cn204 1 0.97990E-04
00011 cn204 2 0.96083E-04
00011 cn204 3 0.98944E-04
00011 cn204 4 0.94175E-04
00011 cn204 5 0.93222E-04
00011 cn204 6 0.92030E-04
00011 cn204 7 0.97990E-04
00011 cn204 8 0.35048E-04
00011 cn204 9 0.20981E-04
00011 cn204 10 0.20027E-04
00011 cn204 11 0.00000E+00
00011 cn204 12 0.93937E-04
00011 cn204 13 0.89169E-04
00011 cn204 14 0.94891E-04
00011 cn204 15 0.90837E-04
00011 cn204 16 0.92030E-04
00011 cn204 17 0.90122E-04
00011 cn204 18 0.92030E-04
00011 cn204 19 0.92030E-04
00011 cn204 20 0.12398E-03
00011 cn204 21 0.88930E-04
00011 cn204 22 0.12493E-03
00011 cn204 23 0.12016E-03
00011 cn204 24 0.12398E-03
00011 cn204 25 0.13089E-03
00011 cn204 26 0.12279E-03
00011 cn204 27 0.10395E-03
00011 cn204 28 0.11802E-03
00011 cn204 29 0.10014E-03
00011 cn204 30 0.12803E-03
00011 cn204 31 0.11992E-03
00011 cn204 32 0.12183E-03
00011 cn204 33 0.12589E-03
00011 cn204 34 0.12708E-03
00011 cn204 35 0.97990E-04
00011 cn204 36 0.12279E-03
00011 cn204 37 0.12088E-03
00011 cn204 38 0.12183E-03
00011 cn204 39 0.12302E-03
00012 cn204 0 0.21291E-03
00012 cn204 1 0.96083E-04
00012 cn204 2 0.92983E-04
00012 cn204 3 0.88930E-04
00012 cn204 4 0.11110E-03
00012 cn204 5 0.93937E-04
00012 cn204 6 0.97990E-04
00012 cn204 7 0.92030E-04
00012 cn204 8 0.37193E-04
00012 cn204 9 0.20981E-04
00012 cn204 10 0.20027E-04
00012 cn204 11 0.20027E-04
00012 cn204 12 0.00000E+00
00012 cn204 13 0.90122E-04
00012 cn204 14 0.90837E-04
00012 cn204 15 0.92030E-04
00012 cn204 16 0.87976E-04
00012 cn204 17 0.92030E-04
00012 cn204 18 0.89884E-04
00012 cn204 19 0.95129E-04
00012 cn204 20 0.95129E-04
00012 cn204 21 0.11706E-03
00012 cn204 22 0.12302E-03
00012 cn204 23 0.12708E-03
00012 cn204 24 0.12016E-03
00012 cn204 25 0.11802E-03
00012 cn204 26 0.12207E-03
00012 cn204 27 0.11802E-03
00012 cn204 28 0.10300E-03
00012 cn204 29 0.11992E-03
00012 cn204 30 0.13804E-03
00012 cn204 31 0.11897E-03
00012 cn204 32 0.12207E-03
00012 cn204 33 0.11992E-03
00012 cn204 34 0.12708E-03
00012 cn204 35 0.11992E-03
00012 cn204 36 0.96083E-04
00012 cn204 37 0.11992E-03
00012 cn204 38 0.12207E-03
00012 cn204 39 0.12302E-03
00013 cn204 0 0.18001E-03
00013 cn204 1 0.86069E-04
00013 cn204 2 0.97036E-04
00013 cn204 3 0.96083E-04
00013 cn204 4 0.97990E-04
00013 cn204 5 0.91076E-04
00013 cn204 6 0.96083E-04
00013 cn204 7 0.90837E-04
00013 cn204 8 0.32902E-04
00013 cn204 9 0.21935E-04
00013 cn204 10 0.19789E-04
00013 cn204 11 0.20027E-04
00013 cn204 12 0.19073E-04
00013 cn204 13 0.00000E+00
00013 cn204 14 0.95844E-04
00013 cn204 15 0.80109E-04
00013 cn204 16 0.82970E-04
00013 cn204 17 0.78917E-04
00013 cn204 18 0.82970E-04
00013 cn204 19 0.89169E-04
00013 cn204 20 0.13113E-03
00013 cn204 21 0.90122E-04
00013 cn204 22 0.10300E-03
00013 cn204 23 0.13614E-03
00013 cn204 24 0.11802E-03
00013 cn204 25 0.12088E-03
00013 cn204 26 0.12517E-03
00013 cn204 27 0.12088E-03
00013 cn204 28 0.12898E-03
00013 cn204 29 0.92983E-04
00013 cn204 30 0.10419E-03
00013 cn204 31 0.11802E-03
00013 cn204 32 0.12612E-03
00013 cn204 33 0.11802E-03
00013 cn204 34 0.12112E-03
00013 cn204 35 0.12207E-03
00013 cn204 36 0.12398E-03
00013 cn204 37 0.94891E-04
00013 cn204 38 0.12398E-03
00013 cn204 39 0.12088E-03
00014 cn204 0 0.22483E-03
00014 cn204 1 0.94175E-04
00014 cn204 2 0.96083E-04
00014 cn204 3 0.96083E-04
00014 cn204 4 0.94175E-04
00014 cn204 5 0.92983E-04
00014 cn204 6 0.94891E-04
00014 cn204 7 0.90837E-04
00014 cn204 8 0.54121E-04
00014 cn204 9 0.24080E-04
00014 cn204 10 0.20981E-04
00014 cn204 11 0.20981E-04
00014 cn204 12 0.20027E-04
00014 cn204 13 0.20027E-04
00014 cn204 14 0.00000E+00
00014 cn204 15 0.97036E-04
00014 cn204 16 0.95129E-04
00014 cn204 17 0.86069E-04
00014 cn204 18 0.92983E-04
00014 cn204 19 0.92983E-04
00014 cn204 20 0.12398E-03
00014 cn204 21 0.11802E-03
00014 cn204 22 0.96083E-04
00014 cn204 23 0.13399E-03
00014 cn204 24 0.11897E-03
00014 cn204 25 0.13208E-03
00014 cn204 26 0.12207E-03
00014 cn204 27 0.13804E-03
00014 cn204 28 0.12183E-03
00014 cn204 29 0.12898E-03
00014 cn204 30 0.10014E-03
00014 cn204 31 0.12112E-03
00014 cn204 32 0.11992E-03
00014 cn204 33 0.12279E-03
00014 cn204 34 0.12803E-03
00014 cn204 35 0.12112E-03
00014 cn204 36 0.12708E-03
00014 cn204 37 0.12612E-03
00014 cn204 38 0.97990E-04
00014 cn204 39 0.12279E-03
00015 cn204 0 0.21291E-03
00015 cn204 1 0.93937E-04
00015 cn204 2 0.90837E-04
00015 cn204 3 0.88930E-04
00015 cn204 4 0.87023E-04
00015 cn204 5 0.93222E-04
00015 cn204 6 0.93937E-04
00015 cn204 7 0.94891E-04
00015 cn204 8 0.36955E-04
00015 cn204 9 0.21935E-04
00015 cn204 10 0.20981E-04
00015 cn204 11 0.21219E-04
00015 cn204 12 0.19789E-04
00015 cn204 13 0.20981E-04
00015 cn204 14 0.20981E-04
00015 cn204 15 0.00000E+00
00015 cn204 16 0.92030E-04
00015 cn204 17 0.83923E-04
00015 cn204 18 0.82016E-04
00015 cn204 19 0.86069E-04
00015 cn204 20 0.12803E-03
00015 cn204 21 0.11992E-03
00015 cn204 22 0.12422E-03
00015 cn204 23 0.97036E-04
00015 cn204 24 0.12994E-03
00015 cn204 25 0.12207E-03
00015 cn204 26 0.11706E-03
00015 cn204 27 0.13018E-03
00015 cn204 28 0.12088E-03
00015 cn204 29 0.14281E-03
00015 cn204 30 0.11992E-03
00015 cn204 31 0.10705E-03
00015 cn204 32 0.12183E-03
00015 cn204 33 0.11992E-03
00015 cn204 34 0.12112E-03
00015 cn204 35 0.12112E-03
00015 cn204 36 0.14091E-03
00015 cn204 37 0.12803E-03
00015 cn204 38 0.13709E-03
00015 cn204 39 0.10204E-03
00016 cn204 0 0.19217E-03
00016 cn204 1 0.88930E-04
00016 cn204 2 0.89884E-04
00016 cn204 3 0.97036E-04
00016 cn204 4 0.89884E-04
00016 cn204 5 0.96083E-04
00016 cn204 6 0.90122E-04
00016 cn204 7 0.93937E-04
00016 cn204 8 0.33855E-04
00016 cn204 9 0.22173E-04
00016 cn204 10 0.20027E-04
00016 cn204 11 0.20027E-04
00016 cn204 12 0.20981E-04
00016 cn204 13 0.27180E-04
00016 cn204 14 0.21935E-04
00016 cn204 15 0.20981E-04
00016 cn204 16 0.00000E+00
00016 cn204 17 0.87023E-04
00016 cn204 18 0.82016E-04
00016 cn204 19 0.83923E-04
00016 cn204 20 0.96083E-04
00016 cn204 21 0.11587E-03
00016 cn204 22 0.12398E-03
00016 cn204 23 0.13900E-03
00016 cn204 24 0.87976E-04
00016 cn204 25 0.12183E-03
00016 cn204 26 0.12708E-03
00016 cn204 27 0.13804E-03
00016 cn204 28 0.12612E-03
00016 cn204 29 0.13399E-03
00016 cn204 30 0.12302E-03
00016 cn204 31 0.12994E-03
00016 cn204 32 0.96083E-04
00016 cn204 33 0.12708E-03
00016 cn204 34 0.12708E-03
00016 cn204 35 0.12517E-03
00016 cn204 36 0.13590E-03
00016 cn204 37 0.13304E-03
00016 cn204 38 0.13494E-03
00016 cn204 39 0.13494E-03
00017 cn204 0 0.16809E-03
00017 cn204 1 0.91076E-04
00017 cn204 2 0.93937E-04
00017 cn204 3 0.94891E-04
00017 cn204 4 0.93937E-04
00017 cn204 5 0.90122E-04
00017 cn204 6 0.89884E-04
00017 cn204 7 0.88215E-04
00017 cn204 8 0.35048E-04
00017 cn204 9 0.22888E-04
00017 cn204 10 0.20981E-04
00017 cn204 11 0.20981E-04
00017 cn204 12 0.19789E-04
00017 cn204 13 0.20027E-04
00017 cn204 14 0.21935E-04
00017 cn204 15 0.20981E-04
00017 cn204 16 0.20027E-04
00017 cn204 17 0.00000E+00
00017 cn204 18 0.87976E-04
00017 cn204 19 0.83923E-04
00017 cn204 20 0.12398E-03
00017 cn204 21 0.91076E-04
00017 cn204 22 0.12422E-03
00017 cn204 23 0.13709E-03
00017 cn204 24 0.12422E-03
00017 cn204 25 0.91076E-04
00017 cn204 26 0.12493E-03
00017 cn204 27 0.12207E-03
00017 cn204 28 0.13709E-03
00017 cn204 29 0.12922E-03
00017 cn204 30 0.12302E-03
00017 cn204 31 0.13494E-03
00017 cn204 32 0.12493E-03
00017 cn204 33 0.92983E-04
00017 cn204 34 0.12589E-03
00017 cn204 35 0.12302E-03
00017 cn204 36 0.13900E-03
00017 cn204 37 0.13208E-03
00017 cn204 38 0.13995E-03
00017 cn204 39 0.12994E-03
00018 cn204 0 0.30684E-03
00018 cn204 1 0.92030E-04
00018 cn204 2 0.96083E-04
00018 cn204 3 0.94891E-04
00018 cn204 4 0.10490E-03
00018 cn204 5 0.90122E-04
00018 cn204 6 0.92030E-04
00018 cn204 7 0.96083E-04
00018 cn204 8 0.33140E-04
00018 cn204 9 0.23842E-04
00018 cn204 10 0.22173E-04
00018 cn204 11 0.20981E-04
00018 cn204 12 0.20981E-04
00018 cn204 13 0.20027E-04
00018 cn204 14 0.20981E-04
00018 cn204 15 0.18835E-04
00018 cn204 16 0.20027E-04
00018 cn204 17 0.20027E-04
00018 cn204 18 0.00000E+00
00018 cn204 19 0.87976E-04
00018 cn204 20 0.92983E-04
00018 cn204 21 0.11182E-03
00018 cn204 22 0.95844E-04
00018 cn204 23 0.13781E-03
00018 cn204 24 0.11992E-03
00018 cn204 25 0.12612E-03
00018 cn204 26 0.92030E-04
00018 cn204 27 0.12398E-03
00018 cn204 28 0.13494E-03
00018 cn204 29 0.12112E-03
00018 cn204 30 0.12994E-03
00018 cn204 31 0.12207E-03
00018 cn204 32 0.12112E-03
00018 cn204 33 0.11802E-03
00018 cn204 34 0.90122E-04
00018 cn204 35 0.11802E-03
00018 cn204 36 0.13089E-03
00018 cn204 37 0.13018E-03
00018 cn204 38 0.13280E-03
00018 cn204 39 0.12708E-03
00019 cn204 0 0.17309E-03
00019 cn204 1 0.87023E-04
00019 cn204 2 0.92983E-04
00019 cn204 3 0.94175E-04
00019 cn204 4 0.92030E-04
00019 cn204 5 0.92030E-04
00019 cn204 6 0.94175E-04
00019 cn204 7 0.95844E-04
00019 cn204 8 0.36001E-04
00019 cn204 9 0.22888E-04
00019 cn204 10 0.21935E-04
00019 cn204 11 0.21935E-04
00019 cn204 12 0.20981E-04
00019 cn204 13 0.21219E-04
00019 cn204 14 0.21219E-04
00019 cn204 15 0.20027E-04
00019 cn204 16 0.19789E-04
00019 cn204 17 0.20981E-04
00019 cn204 18 0.20027E-04
00019 cn204 19 0.00000E+00
00019 cn204 20 0.93937E-04
00019 cn204 21 0.87023E-04
00019 cn204 22 0.12493E-03
00019 cn204 23 0.93937E-04
00019 cn204 24 0.13494E-03
00019 cn204 25 0.12088E-03
00019 cn204 26 0.12708E-03
00019 cn204 27 0.99182E-04
00019 cn204 28 0.11802E-03
00019 cn204 29 0.13995E-03
00019 cn204 30 0.12016E-03
00019 cn204 31 0.13590E-03
00019 cn204 32 0.12183E-03
00019 cn204 33 0.12684E-03
00019 cn204 34 0.12803E-03
00019 cn204 35 0.95844E-04
00019 cn204 36 0.13280E-03
00019 cn204 37 0.12898E-03
00019 cn204 38 0.13399E-03
00019 cn204 39 0.12493E-03
00020 cn203 0 0.18096E-03
00020 cn203 1 0.93937E-04
00020 cn203 2 0.99182E-04
00020 cn203 3 0.96083E-04
00020 cn203 4 0.98944E-04
00020 cn203 5 0.94891E-04
00020 cn203 6 0.89884E-04
00020 cn203 7 0.97036E-04
00020 cn203 8 0.10204E-03
00020 cn203 9 0.92030E-04
00020 cn203 10 0.99897E-04
00020 cn203 11 0.10204E-03
00020 cn203 12 0.91791E-04
00020 cn203 13 0.11086E-03
00020 cn203 14 0.90837E-04
00020 cn203 15 0.94891E-04
00020 cn203 16 0.10204E-03
00020 cn203 17 0.10204E-03
00020 cn203 18 0.87023E-04
00020 cn203 19 0.87976E-04
00020 cn203 20 0.00000E+00
00020 cn203 21 0.14901E-03
00020 cn203 22 0.10395E-03
00020 cn203 23 0.10705E-03
00020 cn203 24 0.10395E-03
00020 cn203 25 0.10490E-03
00020 cn203 26 0.11611E-03
00020 cn203 27 0.11110E-03
00020 cn203 28 0.11086E-03
00020 cn203 29 0.11611E-03
00020 cn203 30 0.10800E-03
00020 cn203 31 0.10991E-03
00020 cn203 32 0.83923E-04
00020 cn203 33 0.11992E-03
00020 cn203 34 0.12493E-03
00020 cn203 35 0.11897E-03
00020 cn203 36 0.95844E-04
00020 cn203 37 0.13685E-03
00020 cn203 38 0.13304E-03
00020 cn203 39 0.13018E-03
00021 cn203 0 0.17905E-03
00021 cn203 1 0.94175E-04
00021 cn203 2 0.96798E-04
00021 cn203 3 0.98944E-04
00021 cn203 4 0.97990E-04
00021 cn203 5 0.10014E-03
00021 cn203 6 0.90122E-04
00021 cn203 7 0.93222E-04
00021 cn203 8 0.88930E-04
00021 cn203 9 0.87976E-04
00021 cn203 10 0.10014E-03
00021 cn203 11 0.89884E-04
00021 cn203 12 0.83923E-04
00021 cn203 13 0.92030E-04
00021 cn203 14 0.10109E-03
00021 cn203 15 0.96083E-04
00021 cn203 16 0.88930E-04
00021 cn203 17 0.10014E-03
00021 cn203 18 0.87976E-04
00021 cn203 19 0.87976E-04
00021 cn203 20 0.37909E-04
00021 cn203 21 0.00000E+00
00021 cn203 22 0.97036E-04
00021 cn203 23 0.92030E-04
00021 cn203 24 0.87976E-04
00021 cn203 25 0.89884E-04
00021 cn203 26 0.92983E-04
00021 cn203 27 0.92030E-04
00021 cn203 28 0.92030E-04
00021 cn203 29 0.96083E-04
00021 cn203 30 0.11015E-03
00021 cn203 31 0.91076E-04
00021 cn203 32 0.12589E-03
00021 cn203 33 0.12589E-03
00021 cn203 34 0.12302E-03
00021 cn203 35 0.11802E-03
00021 cn203 36 0.13185E-03
00021 cn203 37 0.92983E-04
00021 cn203 38 0.13590E-03
00021 cn203 39 0.12684E-03
00022 cn203 0 0.19598E-03
00022 cn203 1 0.93937E-04
00022 cn203 2 0.88215E-04
00022 cn203 3 0.91076E-04
00022 cn203 4 0.92983E-04
00022 cn203 5 0.87976E-04
00022 cn203 6 0.85115E-04
00022 cn203 7 0.87023E-04
00022 cn203 8 0.85831E-04
00022 cn203 9 0.82016E-04
00022 cn203 10 0.86069E-04
00022 cn203 11 0.87976E-04
00022 cn203 12 0.87976E-04
00022 cn203 13 0.88930E-04
00022 cn203 14 0.97990E-04
00022 cn203 15 0.85115E-04
00022 cn203 16 0.87023E-04
00022 cn203 17 0.89884E-04
00022 cn203 18 0.84877E-04
00022 cn203 19 0.82970E-04
00022 cn203 20 0.38147E-04
00022 cn203 21 0.17881E-04
00022 cn203 22 0.00000E+00
00022 cn203 23 0.90122E-04
00022 cn203 24 0.92983E-04
00022 cn203 25 0.87023E-04
00022 cn203 26 0.88930E-04
00022 cn203 27 0.89884E-04
00022 cn203 28 0.91076E-04
00022 cn203 29 0.92983E-04
00022 cn203 30 0.97990E-04
00022 cn203 31 0.87976E-04
00022 cn203 32 0.12398E-03
00022 cn203 33 0.10991E-03
00022 cn203 34 0.12898E-03
00022 cn203 35 0.12684E-03
00022 cn203 36 0.12398E-03
00022 cn203 37 0.12207E-03
00022 cn203 38 0.92983E-04
00022 cn203 39 0.13399E-03
00023 cn203 0 0.16904E-03
00023 cn203 1 0.90122E-04
00023 cn203 2 0.87023E-04
00023 cn203 3 0.87976E-04
00023 cn203 4 0.93937E-04
00023 cn203 5 0.91076E-04
00023 cn203 6 0.97036E-04
00023 cn203 7 0.97990E-04
00023 cn203 8 0.87023E-04
00023 cn203 9 0.85831E-04
00023 cn203 10 0.92983E-04
00023 cn203 11 0.95844E-04
00023 cn203 12 0.88930E-04
00023 cn203 13 0.95129E-04
00023 cn203 14 0.93937E-04
00023 cn203 15 0.92030E-04
00023 cn203 16 0.88930E-04
00023 cn203 17 0.91791E-04
00023 cn203 18 0.91076E-04
00023 cn203 19 0.93937E-04
00023 cn203 20 0.33855E-04
00023 cn203 21 0.20981E-04
00023 cn203 22 0.19073E-04
00023 cn203 23 0.00000E+00
00023 cn203 24 0.90122E-04
00023 cn203 25 0.92983E-04
00023 cn203 26 0.93937E-04
00023 cn203 27 0.92030E-04
00023 cn203 28 0.91076E-04
00023 cn203 29 0.94175E-04
00023 cn203 30 0.90837E-04
00023 cn203 31 0.89884E-04
00023 cn203 32 0.12684E-03
00023 cn203 33 0.12207E-03
00023 cn203 34 0.12517E-03
00023 cn203 35 0.11802E-03
00023 cn203 36 0.12779E-03
00023 cn203 37 0.12708E-03
00023 cn203 38 0.12517E-03
00023 cn203 39 0.10204E-03
00024 cn203 0 0.16904E-03
00024 cn203 1 0.88930E-04
00024 cn203 2 0.89169E-04
00024 cn203 3 0.91076E-04
00024 cn203 4 0.92983E-04
00024 cn203 5 0.87023E-04
00024 cn203 6 0.87023E-04
00024 cn203 7 0.89169E-04
00024 cn203 8 0.86069E-04
00024 cn203 9 0.80109E-04
00024 cn203 10 0.87976E-04
00024 cn203 11 0.85115E-04
00024 cn203 12 0.85115E-04
00024 cn203 13 0.86069E-04
00024 cn203 14 0.96798E-04
00024 cn203 15 0.86069E-04
00024 cn203 16 0.85115E-04
00024 cn203 17 0.82970E-04
00024 cn203 18 0.87023E-04
00024 cn203 19 0.85115E-04
00024 cn203 20 0.38147E-04
00024 cn203 21 0.17881E-04
00024 cn203 22 0.16928E-04
00024 cn203 23 0.15974E-04
00024 cn203 24 0.00000E+00
00024 cn203 25 0.91076E-04
00024 cn203 26 0.86069E-04
00024 cn203 27 0.83923E-04
00024 cn203 28 0.85115E-04
00024 cn203 29 0.87976E-04
00024 cn203 30 0.87976E-04
00024 cn203 31 0.91076E-04
00024 cn203 32 0.97990E-04
00024 cn203 33 0.11301E-03
00024 cn203 34 0.12589E-03
00024 cn203 35 0.12589E-03
00024 cn203 36 0.12398E-03
00024 cn203 37 0.12684E-03
00024 cn203 38 0.11802E-03
00024 cn203 39 0.13614E-03
00025 cn203 0 0.17095E-03
00025 cn203 1 0.92030E-04
00025 cn203 2 0.89884E-04
00025 cn203 3 0.97990E-04
00025 cn203 4 0.99897E-04
00025 cn203 5 0.98228E-04
00025 cn203 6 0.97036E-04
00025 cn203 7 0.92983E-04
00025 cn203 8 0.87976E-04
00025 cn203 9 0.87023E-04
00025 cn203 10 0.93222E-04
00025 cn203 11 0.91076E-04
00025 cn203 12 0.92030E-04
00025 cn203 13 0.10180E-03
00025 cn203 14 0.89884E-04
00025 cn203 15 0.97036E-04
00025 cn203 16 0.91076E-04
00025 cn203 17 0.94891E-04
00025 cn203 18 0.89884E-04
00025 cn203 19 0.82970E-04
00025 cn203 20 0.32902E-04
00025 cn203 21 0.20981E-04
00025 cn203 22 0.20027E-04
00025 cn203 23 0.20027E-04
00025 cn203 24 0.17881E-04
00025 cn203 25 0.00000E+00
00025 cn203 26 0.97990E-04
00025 cn203 27 0.94175E-04
00025 cn203 28 0.94891E-04
00025 cn203 29 0.97036E-04
00025 cn203 30 0.96083E-04
00025 cn203 31 0.97036E-04
00025 cn203 32 0.12207E-03
00025 cn203 33 0.87023E-04
00025 cn203 34 0.12088E-03
00025 cn203 35 0.12112E-03
00025 cn203 36 0.13113E-03
00025 cn203 37 0.12612E-03
00025 cn203 38 0.13804E-03
00025 cn203 39 0.13185E-03
00026 cn203 0 0.18287E-03
00026 cn203 1 0.87023E-04
00026 cn203 2 0.89884E-04
00026 cn203 3 0.10800E-03
00026 cn203 4 0.98944E-04
00026 cn203 5 0.92983E-04
00026 cn203 6 0.91791E-04
00026 cn203 7 0.10610E-03
00026 cn203 8 0.91076E-04
00026 cn203 9 0.87023E-04
00026 cn203 10 0.97036E-04
00026 cn203 11 0.94175E-04
00026 cn203 12 0.92983E-04
00026 cn203 13 0.87976E-04
00026 cn203 14 0.97036E-04
00026 cn203 15 0.96083E-04
00026 cn203 16 0.10204E-03
00026 cn203 17 0.85831E-04
00026 cn203 18 0.93937E-04
00026 cn203 19 0.95844E-04
00026 cn203 20 0.36955E-04
00026 cn203 21 0.35048E-04
00026 cn203 22 0.20981E-04
00026 cn203 23 0.20981E-04
00026 cn203 24 0.20027E-04
00026 cn203 25 0.20027E-04
00026 cn203 26 0.00000E+00
00026 cn203 27 0.92030E-04
00026 cn203 28 0.86069E-04
00026 cn203 29 0.92030E-04
00026 cn203 30 0.91076E-04
00026 cn203 31 0.89884E-04
00026 cn203 32 0.12898E-03
00026 cn203 33 0.12207E-03
00026 cn203 34 0.94175E-04
00026 cn203 35 0.11802E-03
00026 cn203 36 0.13304E-03
00026 cn203 37 0.13399E-03
00026 cn203 38 0.13304E-03
00026 cn203 39 0.12684E-03
00027 cn203 0 0.18096E-03
00027 cn203 1 0.91791E-04
00027 cn203 2 0.92983E-04
00027 cn203 3 0.10085E-03
00027 cn203 4 0.97990E-04
00027 cn203 5 0.97990E-04
00027 cn203 6 0.99897E-04
00027 cn203 7 0.92983E-04
00027 cn203 8 0.90122E-04
00027 cn203 9 0.85831E-04
00027 cn203 10 0.92983E-04
00027 cn203 11 0.90837E-04
00027 cn203 12 0.82016E-04
00027 cn203 13 0.90837E-04
00027 cn203 14 0.10991E-03
00027 cn203 15 0.89169E-04
00027 cn203 16 0.90122E-04
00027 cn203 17 0.90837E-04
00027 cn203 18 0.87023E-04
00027 cn203 19 0.89884E-04
00027 cn203 20 0.31948E-04
00027 cn203 21 0.20981E-04
00027 cn203 22 0.20981E-04
00027 cn203 23 0.20027E-04
00027 cn203 24 0.20027E-04
00027 cn203 25 0.22173E-04
00027 cn203 26 0.20027E-04
00027 cn203 27 0.00000E+00
00027 cn203 28 0.94175E-04
00027 cn203 29 0.91076E-04
00027 cn203 30 0.92030E-04
00027 cn203 31 0.88930E-04
00027 cn203 32 0.12302E-03
00027 cn203 33 0.12612E-03
00027 cn203 34 0.12398E-03
00027 cn203 35 0.91076E-04
00027 cn203 36 0.13399E-03
00027 cn203 37 0.12803E-03
00027 cn203 38 0.13494E-03
00027 cn203 39 0.12684E-03
00028 cn203 0 0.17619E-03
00028 cn203 1 0.85115E-04
00028 cn203 2 0.86069E-04
00028 cn203 3 0.87976E-04
00028 cn203 4 0.10395E-03
00028 cn203 5 0.97036E-04
00028 cn203 6 0.95129E-04
00028 cn203 7 0.89169E-04
00028 cn203 8 0.92983E-04
00028 cn203 9 0.87976E-04
00028 cn203 10 0.11301E-03
00028 cn203 11 0.95129E-04
00028 cn203 12 0.93937E-04
00028 cn203 13 0.95129E-04
00028 cn203 14 0.11301E-03
00028 cn203 15 0.85115E-04
00028 cn203 16 0.10490E-03
00028 cn203 17 0.90837E-04
00028 cn203 18 0.92983E-04
00028 cn203 19 0.82970E-04
00028 cn203 20 0.36001E-04
00028 cn203 21 0.20981E-04
00028 cn203 22 0.20981E-04
00028 cn203 23 0.20981E-04
00028 cn203 24 0.19073E-04
00028 cn203 25 0.26941E-04
00028 cn203 26 0.20027E-04
00028 cn203 27 0.19073E-04
00028 cn203 28 0.00000E+00
00028 cn203 29 0.97036E-04
00028 cn203 30 0.91076E-04
00028 cn203 31 0.10085E-03
00028 cn203 32 0.97036E-04
00028 cn203 33 0.13208E-03
00028 cn203 34 0.13208E-03
00028 cn203 35 0.12589E-03
00028 cn203 36 0.95844E-04
00028 cn203 37 0.12302E-03
00028 cn203 38 0.13614E-03
00028 cn203 39 0.13494E-03
00029 cn203 0 0.19097E-03
00029 cn203 1 0.85115E-04
00029 cn203 2 0.94175E-04
00029 cn203 3 0.90122E-04
00029 cn203 4 0.92030E-04
00029 cn203 5 0.97036E-04
00029 cn203 6 0.92983E-04
00029 cn203 7 0.97990E-04
00029 cn203 8 0.89884E-04
00029 cn203 9 0.83923E-04
00029 cn203 10 0.10014E-03
00029 cn203 11 0.92030E-04
00029 cn203 12 0.87023E-04
00029 cn203 13 0.90837E-04
00029 cn203 14 0.10586E-03
00029 cn203 15 0.98944E-04
00029 cn203 16 0.91076E-04
00029 cn203 17 0.95129E-04
00029 cn203 18 0.93222E-04
00029 cn203 19 0.88930E-04
00029 cn203 20 0.33855E-04
00029 cn203 21 0.22173E-04
00029 cn203 22 0.20981E-04
00029 cn203 23 0.20981E-04
00029 cn203 24 0.19073E-04
00029 cn203 25 0.25988E-04
00029 cn203 26 0.25988E-04
00029 cn203 27 0.20027E-04
00029 cn203 28 0.20027E-04
00029 cn203 29 0.00000E+00
00029 cn203 30 0.10085E-03
00029 cn203 31 0.95844E-04
00029 cn203 32 0.12088E-03
00029 cn203 33 0.88930E-04
00029 cn203 34 0.12398E-03
00029 cn203 35 0.14400E-03
00029 cn203 36 0.12684E-03
00029 cn203 37 0.96083E-04
00029 cn203 38 0.12803E-03
00029 cn203 39 0.12183E-03
00030 cn203 0 0.17500E-03
00030 cn203 1 0.85115E-04
00030 cn203 2 0.87976E-04
00030 cn203 3 0.86069E-04
00030 cn203 4 0.91076E-04
00030 cn203 5 0.93937E-04
00030 cn203 6 0.87976E-04
00030 cn203 7 0.85831E-04
00030 cn203 8 0.87023E-04
00030 cn203 9 0.86069E-04
00030 cn203 10 0.86784E-04
00030 cn203 11 0.89169E-04
00030 cn203 12 0.91076E-04
00030 cn203 13 0.84877E-04
00030 cn203 14 0.91076E-04
00030 cn203 15 0.10395E-03
00030 cn203 16 0.83923E-04
00030 cn203 17 0.92030E-04
00030 cn203 18 0.82016E-04
00030 cn203 19 0.83923E-04
00030 cn203 20 0.40054E-04
00030 cn203 21 0.30994E-04
00030 cn203 22 0.17881E-04
00030 cn203 23 0.16928E-04
00030 cn203 24 0.17166E-04
00030 cn203 25 0.15974E-04
00030 cn203 26 0.16928E-04
00030 cn203 27 0.15974E-04
00030 cn203 28 0.15974E-04
00030 cn203 29 0.15974E-04
00030 cn203 30 0.00000E+00
00030 cn203 31 0.85831E-04
00030 cn203 32 0.92983E-04
00030 cn203 33 0.11301E-03
00030 cn203 34 0.10300E-03
00030 cn203 35 0.11301E-03
00030 cn203 36 0.12898E-03
00030 cn203 37 0.12517E-03
00030 cn203 38 0.10896E-03
00030 cn203 39 0.13494E-03
00031 cn203 0 0.18406E-03
00031 cn203 1 0.94891E-04
00031 cn203 2 0.10014E-03
00031 cn203 3 0.98944E-04
00031 cn203 4 0.10109E-03
00031 cn203 5 0.98944E-04
00031 cn203 6 0.95129E-04
00031 cn203 7 0.10109E-03
00031 cn203 8 0.90837E-04
00031 cn203 9 0.87976E-04
00031 cn203 10 0.92030E-04
00031 cn203 11 0.92983E-04
00031 cn203 12 0.90122E-04
00031 cn203 13 0.86069E-04
00031 cn203 14 0.95129E-04
00031 cn203 15 0.97036E-04
00031 cn203 16 0.92983E-04
00031 cn203 17 0.88930E-04
00031 cn203 18 0.95129E-04
00031 cn203 19 0.92030E-04
00031 cn203 20 0.35048E-04
00031 cn203 21 0.23127E-04
00031 cn203 22 0.21935E-04
00031 cn203 23 0.22173E-04
00031 cn203 24 0.20981E-04
00031 cn203 25 0.20027E-04
00031 cn203 26 0.20027E-04
00031 cn203 27 0.20027E-04
00031 cn203 28 0.20027E-04
00031 cn203 29 0.20027E-04
00031 cn203 30 0.19073E-04
00031 cn203 31 0.00000E+00
00031 cn203 32 0.10014E-03
00031 cn203 33 0.85115E-04
00031 cn203 34 0.12898E-03
00031 cn203 35 0.95844E-04
00031 cn203 36 0.13185E-03
00031 cn203 37 0.12994E-03
00031 cn203 38 0.13304E-03
00031 cn203 39 0.98944E-04
00032 cn201 0 0.19598E-03
00032 cn201 1 0.10991E-03
00032 cn201 2 0.86784E-04
00032 cn201 3 0.91076E-04
00032 cn201 4 0.93937E-04
00032 cn201 5 0.95844E-04
00032 cn201 6 0.10109E-03
00032 cn201 7 0.10109E-03
00032 cn201 8 0.94891E-04
00032 cn201 9 0.82970E-04
00032 cn201 10 0.92983E-04
00032 cn201 11 0.97036E-04
00032 cn201 12 0.92983E-04
00032 cn201 13 0.91076E-04
00032 cn201 14 0.99897E-04
00032 cn201 15 0.87023E-04
00032 cn201 16 0.96083E-04
00032 cn201 17 0.94891E-04
00032 cn201 18 0.86069E-04
00032 cn201 19 0.89884E-04
00032 cn201 20 0.85831E-04
00032 cn201 21 0.90837E-04
00032 cn201 22 0.93937E-04
00032 cn201 23 0.10014E-03
00032 cn201 24 0.10514E-03
00032 cn201 25 0.93937E-04
00032 cn201 26 0.85115E-04
00032 cn201 27 0.89169E-04
00032 cn201 28 0.91076E-04
00032 cn201 29 0.10705E-03
00032 cn201 30 0.83923E-04
00032 cn201 31 0.97990E-04
00032 cn201 32 0.00000E+00
00032 cn201 33 0.16999E-03
00032 cn201 34 0.10705E-03
00032 cn201 35 0.10681E-03
00032 cn201 36 0.12302E-03
00032 cn201 37 0.10896E-03
00032 cn201 38 0.11015E-03
00032 cn201 39 0.11706E-03
00033 cn201 0 0.18907E-03
00033 cn201 1 0.85831E-04
00033 cn201 2 0.10991E-03
00033 cn201 3 0.97036E-04
00033 cn201 4 0.10014E-03
00033 cn201 5 0.97990E-04
00033 cn201 6 0.89884E-04
00033 cn201 7 0.90122E-04
00033 cn201 8 0.92030E-04
00033 cn201 9 0.85115E-04
00033 cn201 10 0.95129E-04
00033 cn201 11 0.92983E-04
00033 cn201 12 0.87976E-04
00033 cn201 13 0.93937E-04
00033 cn201 14 0.99182E-04
00033 cn201 15 0.91076E-04
00033 cn201 16 0.92030E-04
00033 cn201 17 0.18907E-03
00033 cn201 18 0.92030E-04
00033 cn201 19 0.85831E-04
00033 cn201 20 0.83208E-04
00033 cn201 21 0.83923E-04
00033 cn201 22 0.92030E-04
00033 cn201 23 0.87976E-04
00033 cn201 24 0.92983E-04
00033 cn201 25 0.95844E-04
00033 cn201 26 0.86069E-04
00033 cn201 27 0.92030E-04
00033 cn201 28 0.85115E-04
00033 cn201 29 0.95844E-04
00033 cn201 30 0.82016E-04
00033 cn201 31 0.83208E-04
00033 cn201 32 0.39101E-04
00033 cn201 33 0.00000E+00
00033 cn201 34 0.98944E-04
00033 cn201 35 0.94175E-04
00033 cn201 36 0.10014E-03
00033 cn201 37 0.97990E-04
00033 cn201 38 0.92983E-04
00033 cn201 39 0.10014E-03
00034 cn201 0 0.18501E-03
00034 cn201 1 0.83208E-04
00034 cn201 2 0.87976E-04
00034 cn201 3 0.87023E-04
00034 cn201 4 0.88930E-04
00034 cn201 5 0.96798E-04
00034 cn201 6 0.93937E-04
00034 cn201 7 0.96083E-04
00034 cn201 8 0.94175E-04
00034 cn201 9 0.86069E-04
00034 cn201 10 0.96083E-04
00034 cn201 11 0.97036E-04
00034 cn201 12 0.92030E-04
00034 cn201 13 0.94891E-04
00034 cn201 14 0.97990E-04
00034 cn201 15 0.86069E-04
00034 cn201 16 0.90122E-04
00034 cn201 17 0.96083E-04
00034 cn201 18 0.93937E-04
00034 cn201 19 0.10300E-03
00034 cn201 20 0.87023E-04
00034 cn201 21 0.82970E-04
00034 cn201 22 0.96083E-04
00034 cn201 23 0.88930E-04
00034 cn201 24 0.95844E-04
00034 cn201 25 0.92030E-04
00034 cn201 26 0.88930E-04
00034 cn201 27 0.87023E-04
00034 cn201 28 0.87023E-04
00034 cn201 29 0.85115E-04
00034 cn201 30 0.86069E-04
00034 cn201 31 0.95129E-04
00034 cn201 32 0.34094E-04
00034 cn201 33 0.19073E-04
00034 cn201 34 0.00000E+00
00034 cn201 35 0.94891E-04
00034 cn201 36 0.98944E-04
00034 cn201 37 0.92030E-04
00034 cn201 38 0.93222E-04
00034 cn201 39 0.10180E-03
00035 cn201 0 0.17715E-03
00035 cn201 1 0.92030E-04
00035 cn201 2 0.79870E-04
00035 cn201 3 0.89884E-04
00035 cn201 4 0.92030E-04
00035 cn201 5 0.10109E-03
00035 cn201 6 0.98944E-04
00035 cn201 7 0.10109E-03
00035 cn201 8 0.95129E-04
00035 cn201 9 0.82970E-04
00035 cn201 10 0.92983E-04
00035 cn201 11 0.96083E-04
00035 cn201 12 0.94891E-04
00035 cn201 13 0.96798E-04
00035 cn201 14 0.99897E-04
00035 cn201 15 0.97036E-04
00035 cn201 16 0.10109E-03
00035 cn201 17 0.84162E-04
00035 cn201 18 0.88930E-04
00035 cn201 19 0.96083E-04
00035 cn201 20 0.82970E-04
00035 cn201 21 0.82970E-04
00035 cn201 22 0.93937E-04
00035 cn201 23 0.90837E-04
00035 cn201 24 0.88930E-04
00035 cn201 25 0.88930E-04
00035 cn201 26 0.86069E-04
00035 cn201 27 0.87976E-04
00035 cn201 28 0.10085E-03
00035 cn201 29 0.89884E-04
00035 cn201 30 0.11301E-03
00035 cn201 31 0.16403E-03
00035 cn201 32 0.34094E-04
00035 cn201 33 0.20981E-04
00035 cn201 34 0.20981E-04
00035 cn201 35 0.00000E+00
00035 cn201 36 0.98944E-04
00035 cn201 37 0.92983E-04
00035 cn201 38 0.92030E-04
00035 cn201 39 0.99897E-04
00036 cn201 0 0.18907E-03
00036 cn201 1 0.92030E-04
00036 cn201 2 0.82970E-04
00036 cn201 3 0.89884E-04
00036 cn201 4 0.95844E-04
00036 cn201 5 0.97990E-04
00036 cn201 6 0.92030E-04
00036 cn201 7 0.94891E-04
00036 cn201 8 0.92983E-04
00036 cn201 9 0.79870E-04
00036 cn201 10 0.96083E-04
00036 cn201 11 0.96083E-04
00036 cn201 12 0.93937E-04
00036 cn201 13 0.96083E-04
00036 cn201 14 0.99897E-04
00036 cn201 15 0.10204E-03
00036 cn201 16 0.92983E-04
00036 cn201 17 0.90122E-04
00036 cn201 18 0.83923E-04
00036 cn201 19 0.87976E-04
00036 cn201 20 0.89884E-04
00036 cn201 21 0.81062E-04
00036 cn201 22 0.10109E-03
00036 cn201 23 0.87023E-04
00036 cn201 24 0.82970E-04
00036 cn201 25 0.85831E-04
00036 cn201 26 0.10180E-03
00036 cn201 27 0.83208E-04
00036 cn201 28 0.91791E-04
00036 cn201 29 0.94891E-04
00036 cn201 30 0.87976E-04
00036 cn201 31 0.82970E-04
00036 cn201 32 0.35048E-04
00036 cn201 33 0.24080E-04
00036 cn201 34 0.20981E-04
00036 cn201 35 0.19789E-04
00036 cn201 36 0.00000E+00
00036 cn201 37 0.95844E-04
00036 cn201 38 0.88930E-04
00036 cn201 39 0.92030E-04
00037 cn201 0 0.45085E-03
00037 cn201 1 0.97036E-04
00037 cn201 2 0.89884E-04
00037 cn201 3 0.90837E-04
00037 cn201 4 0.89884E-04
00037 cn201 5 0.90837E-04
00037 cn201 6 0.85831E-04
00037 cn201 7 0.84877E-04
00037 cn201 8 0.87023E-04
00037 cn201 9 0.77963E-04
00037 cn201 10 0.88930E-04
00037 cn201 11 0.89169E-04
00037 cn201 12 0.84162E-04
00037 cn201 13 0.94891E-04
00037 cn201 14 0.92983E-04
00037 cn201 15 0.82016E-04
00037 cn201 16 0.90837E-04
00037 cn201 17 0.87976E-04
00037 cn201 18 0.82970E-04
00037 cn201 19 0.82016E-04
00037 cn201 20 0.80109E-04
00037 cn201 21 0.82970E-04
00037 cn201 22 0.87976E-04
00037 cn201 23 0.89169E-04
00037 cn201 24 0.86069E-04
00037 cn201 25 0.85115E-04
00037 cn201 26 0.82016E-04
00037 cn201 27 0.81062E-04
00037 cn201 28 0.98944E-04
00037 cn201 29 0.83923E-04
00037 cn201 30 0.10514E-03
00037 cn201 31 0.76056E-04
00037 cn201 32 0.30041E-04
00037 cn201 33 0.35048E-04
00037 cn201 34 0.17881E-04
00037 cn201 35 0.15974E-04
00037 cn201 36 0.15020E-04
00037 cn201 37 0.00000E+00
00037 cn201 38 0.94175E-04
00037 cn201 39 0.95129E-04
00038 cn201 0 0.17786E-03
00038 cn201 1 0.82970E-04
00038 cn201 2 0.85115E-04
00038 cn201 3 0.94891E-04
00038 cn201 4 0.10180E-03
00038 cn201 5 0.15187E-03
00038 cn201 6 0.92030E-04
00038 cn201 7 0.92983E-04
00038 cn201 8 0.89169E-04
00038 cn201 9 0.90122E-04
00038 cn201 10 0.94891E-04
00038 cn201 11 0.97036E-04
00038 cn201 12 0.94891E-04
00038 cn201 13 0.93937E-04
00038 cn201 14 0.99897E-04
00038 cn201 15 0.84877E-04
00038 cn201 16 0.88930E-04
00038 cn201 17 0.94891E-04
00038 cn201 18 0.97990E-04
00038 cn201 19 0.95129E-04
00038 cn201 20 0.83923E-04
00038 cn201 21 0.85831E-04
00038 cn201 22 0.92983E-04
00038 cn201 23 0.88930E-04
00038 cn201 24 0.82970E-04
00038 cn201 25 0.88930E-04
00038 cn201 26 0.91076E-04
00038 cn201 27 0.91076E-04
00038 cn201 28 0.87976E-04
00038 cn201 29 0.92983E-04
00038 cn201 30 0.92983E-04
00038 cn201 31 0.95129E-04
00038 cn201 32 0.33140E-04
00038 cn201 33 0.20981E-04
00038 cn201 34 0.20027E-04
00038 cn201 35 0.19073E-04
00038 cn201 36 0.19073E-04
00038 cn201 37 0.19073E-04
00038 cn201 38 0.00000E+00
00038 cn201 39 0.10014E-03
00039 cn201 0 0.17595E-03
00039 cn201 1 0.97990E-04
00039 cn201 2 0.87023E-04
00039 cn201 3 0.92983E-04
00039 cn201 4 0.92030E-04
00039 cn201 5 0.93937E-04
00039 cn201 6 0.98944E-04
00039 cn201 7 0.97990E-04
00039 cn201 8 0.92983E-04
00039 cn201 9 0.83923E-04
00039 cn201 10 0.92983E-04
00039 cn201 11 0.87023E-04
00039 cn201 12 0.91076E-04
00039 cn201 13 0.92030E-04
00039 cn201 14 0.10204E-03
00039 cn201 15 0.82970E-04
00039 cn201 16 0.90122E-04
00039 cn201 17 0.94891E-04
00039 cn201 18 0.91076E-04
00039 cn201 19 0.91076E-04
00039 cn201 20 0.82970E-04
00039 cn201 21 0.86069E-04
00039 cn201 22 0.89169E-04
00039 cn201 23 0.92983E-04
00039 cn201 24 0.91076E-04
00039 cn201 25 0.84877E-04
00039 cn201 26 0.86069E-04
00039 cn201 27 0.90122E-04
00039 cn201 28 0.85831E-04
00039 cn201 29 0.86069E-04
00039 cn201 30 0.89169E-04
00039 cn201 31 0.90837E-04
00039 cn201 32 0.34094E-04
00039 cn201 33 0.20981E-04
00039 cn201 34 0.20981E-04
00039 cn201 35 0.26941E-04
00039 cn201 36 0.20027E-04
00039 cn201 37 0.19073E-04
00039 cn201 38 0.27180E-04
00039 cn201 39 0.00000E+00
